,0,1,2,3,4,5,6,7,8,9,10,11,12,13,14
0,97.91943359375,125.6532211303711,131.83241271972656,122.53955078125,125.0609130859375,126.39598846435547,125.20665740966797,125.36572265625,125.60143280029297,125.46183776855469,125.45954895019531,125.49522399902344,125.4800033569336,125.47647857666016,150.0
1,97.91943359375,125.6532211303711,131.83241271972656,122.53955078125,125.0609130859375,126.39598846435547,125.20665740966797,125.36572265625,125.60143280029297,125.46183776855469,125.45954895019531,125.49522399902344,125.4800033569336,125.47647857666016,150.0
2,97.91943359375,125.6532211303711,131.83241271972656,122.53955078125,125.0609130859375,126.39598846435547,125.20665740966797,125.36572265625,125.60143280029297,125.46183776855469,125.45954895019531,125.49522399902344,125.4800033569336,125.47647857666016,150.0
3,97.91943359375,125.6532211303711,131.83241271972656,122.53955078125,125.0609130859375,126.39598846435547,125.20665740966797,125.36572265625,125.60143280029297,125.46183776855469,125.45954895019531,125.49522399902344,125.4800033569336,125.47647857666016,150.0
4,97.91943359375,125.6532211303711,131.83241271972656,122.53955078125,125.0609130859375,126.39598846435547,125.20665740966797,125.36572265625,125.60143280029297,125.46183776855469,125.45954895019531,125.49522399902344,125.4800033569336,125.47647857666016,150.0
5,97.91943359375,125.6532211303711,131.83241271972656,122.53955078125,125.0609130859375,126.39598846435547,125.20665740966797,125.36572265625,125.60143280029297,125.46183776855469,125.45954895019531,125.49522399902344,125.4800033569336,125.47647857666016,150.0
6,97.91943359375,125.6532211303711,131.83241271972656,122.53955078125,125.0609130859375,126.39598846435547,125.20665740966797,125.36572265625,125.60143280029297,125.46183776855469,125.45954895019531,125.49522399902344,125.4800033569336,125.47647857666016,147.0
7,97.91943359375,125.6532211303711,131.83241271972656,122.53955078125,125.0609130859375,126.39598846435547,125.20665740966797,125.36572265625,125.60143280029297,125.46183776855469,125.45954895019531,125.49522399902344,125.4800033569336,125.47647857666016,127.0
8,97.91943359375,125.6532211303711,131.83241271972656,122.53955078125,125.0609130859375,126.39598846435547,125.20665740966797,125.36572265625,125.60143280029297,125.46183776855469,125.45954895019531,125.49522399902344,125.4800033569336,125.47647857666016,107.0
9,97.91943359375,125.6532211303711,131.83241271972656,122.53955078125,125.0609130859375,126.39598846435547,125.20665740966797,125.36572265625,125.60143280029297,125.46183776855469,125.45954895019531,125.49522399902344,125.4800033569336,125.47647857666016,87.0
10,99.01709747314453,128.4767608642578,131.61724853515625,123.04913330078125,126.01676940917969,126.98583984375,125.83335876464844,126.07073211669922,126.26508331298828,126.12352752685547,126.13334655761719,126.16520690917969,126.1492919921875,126.14781188964844,150.0
11,99.01709747314453,128.4767608642578,131.61724853515625,123.04913330078125,126.01676940917969,126.98583984375,125.83335876464844,126.07073211669922,126.26508331298828,126.12352752685547,126.13334655761719,126.16520690917969,126.1492919921875,126.14781188964844,150.0
12,99.01709747314453,128.4767608642578,131.61724853515625,123.04913330078125,126.01676940917969,126.98583984375,125.83335876464844,126.07073211669922,126.26508331298828,126.12352752685547,126.13334655761719,126.16520690917969,126.1492919921875,126.14781188964844,150.0
13,99.01709747314453,128.4767608642578,131.61724853515625,123.04913330078125,126.01676940917969,126.98583984375,125.83335876464844,126.07073211669922,126.26508331298828,126.12352752685547,126.13334655761719,126.16520690917969,126.1492919921875,126.14781188964844,150.0
14,99.01709747314453,128.4767608642578,131.61724853515625,123.04913330078125,126.01676940917969,126.98583984375,125.83335876464844,126.07073211669922,126.26508331298828,126.12352752685547,126.13334655761719,126.16520690917969,126.1492919921875,126.14781188964844,150.0
15,99.01709747314453,128.4767608642578,131.61724853515625,123.04913330078125,126.01676940917969,126.98583984375,125.83335876464844,126.07073211669922,126.26508331298828,126.12352752685547,126.13334655761719,126.16520690917969,126.1492919921875,126.14781188964844,149.0
16,99.01709747314453,128.4767608642578,131.61724853515625,123.04913330078125,126.01676940917969,126.98583984375,125.83335876464844,126.07073211669922,126.26508331298828,126.12352752685547,126.13334655761719,126.16520690917969,126.1492919921875,126.14781188964844,129.0
17,99.01709747314453,128.4767608642578,131.61724853515625,123.04913330078125,126.01676940917969,126.98583984375,125.83335876464844,126.07073211669922,126.26508331298828,126.12352752685547,126.13334655761719,126.16520690917969,126.1492919921875,126.14781188964844,109.0
18,99.01709747314453,128.4767608642578,131.61724853515625,123.04913330078125,126.01676940917969,126.98583984375,125.83335876464844,126.07073211669922,126.26508331298828,126.12352752685547,126.13334655761719,126.16520690917969,126.1492919921875,126.14781188964844,89.0
19,99.01709747314453,128.4767608642578,131.61724853515625,123.04913330078125,126.01676940917969,126.98583984375,125.83335876464844,126.07073211669922,126.26508331298828,126.12352752685547,126.13334655761719,126.16520690917969,126.1492919921875,126.14781188964844,69.0
20,100.60653686523438,131.07421875,131.36837768554688,123.666015625,126.96807098388672,127.58167266845703,126.49073791503906,126.79334259033203,126.94552612304688,126.80569458007812,126.82627868652344,126.85396575927734,126.83786010742188,126.83833312988281,150.0
21,100.60653686523438,131.07421875,131.36837768554688,123.666015625,126.96807098388672,127.58167266845703,126.49073791503906,126.79334259033203,126.94552612304688,126.80569458007812,126.82627868652344,126.85396575927734,126.83786010742188,126.83833312988281,150.0
22,100.60653686523438,131.07421875,131.36837768554688,123.666015625,126.96807098388672,127.58167266845703,126.49073791503906,126.79334259033203,126.94552612304688,126.80569458007812,126.82627868652344,126.85396575927734,126.83786010742188,126.83833312988281,150.0
23,100.60653686523438,131.07421875,131.36837768554688,123.666015625,126.96807098388672,127.58167266845703,126.49073791503906,126.79334259033203,126.94552612304688,126.80569458007812,126.82627868652344,126.85396575927734,126.83786010742188,126.83833312988281,150.0
24,100.60653686523438,131.07421875,131.36837768554688,123.666015625,126.96807098388672,127.58167266845703,126.49073791503906,126.79334259033203,126.94552612304688,126.80569458007812,126.82627868652344,126.85396575927734,126.83786010742188,126.83833312988281,150.0
25,100.60653686523438,131.07421875,131.36837768554688,123.666015625,126.96807098388672,127.58167266845703,126.49073791503906,126.79334259033203,126.94552612304688,126.80569458007812,126.82627868652344,126.85396575927734,126.83786010742188,126.83833312988281,150.0
26,100.60653686523438,131.07421875,131.36837768554688,123.666015625,126.96807098388672,127.58167266845703,126.49073791503906,126.79334259033203,126.94552612304688,126.80569458007812,126.82627868652344,126.85396575927734,126.83786010742188,126.83833312988281,136.0
27,100.60653686523438,131.07421875,131.36837768554688,123.666015625,126.96807098388672,127.58167266845703,126.49073791503906,126.79334259033203,126.94552612304688,126.80569458007812,126.82627868652344,126.85396575927734,126.83786010742188,126.83833312988281,116.0
28,100.60653686523438,131.07421875,131.36837768554688,123.666015625,126.96807098388672,127.58167266845703,126.49073791503906,126.79334259033203,126.94552612304688,126.80569458007812,126.82627868652344,126.85396575927734,126.83786010742188,126.83833312988281,96.0
29,100.60653686523438,131.07421875,131.36837768554688,123.666015625,126.96807098388672,127.58167266845703,126.49073791503906,126.79334259033203,126.94552612304688,126.80569458007812,126.82627868652344,126.85396575927734,126.83786010742188,126.83833312988281,76.0
30,102.68070983886719,133.47177124023438,131.17135620117188,124.43684387207031,127.96513366699219,128.24166870117188,127.23280334472656,127.58734130859375,127.69775390625,127.56291961669922,127.59284973144531,127.61618041992188,127.60034942626953,127.60269165039062,150.0
31,102.68070983886719,133.47177124023438,131.17135620117188,124.43684387207031,127.96513366699219,128.24166870117188,127.23280334472656,127.58734130859375,127.69775390625,127.56291961669922,127.59284973144531,127.61618041992188,127.60034942626953,127.60269165039062,150.0
32,102.68070983886719,133.47177124023438,131.17135620117188,124.43684387207031,127.96513366699219,128.24166870117188,127.23280334472656,127.58734130859375,127.69775390625,127.56291961669922,127.59284973144531,127.61618041992188,127.60034942626953,127.60269165039062,150.0
33,102.68070983886719,133.47177124023438,131.17135620117188,124.43684387207031,127.96513366699219,128.24166870117188,127.23280334472656,127.58734130859375,127.69775390625,127.56291961669922,127.59284973144531,127.61618041992188,127.60034942626953,127.60269165039062,150.0
34,102.68070983886719,133.47177124023438,131.17135620117188,124.43684387207031,127.96513366699219,128.24166870117188,127.23280334472656,127.58734130859375,127.69775390625,127.56291961669922,127.59284973144531,127.61618041992188,127.60034942626953,127.60269165039062,134.0
35,102.68070983886719,133.47177124023438,131.17135620117188,124.43684387207031,127.96513366699219,128.24166870117188,127.23280334472656,127.58734130859375,127.69775390625,127.56291961669922,127.59284973144531,127.61618041992188,127.60034942626953,127.60269165039062,114.0
36,102.68070983886719,133.47177124023438,131.17135620117188,124.43684387207031,127.96513366699219,128.24166870117188,127.23280334472656,127.58734130859375,127.69775390625,127.56291961669922,127.59284973144531,127.61618041992188,127.60034942626953,127.60269165039062,94.0
37,102.68070983886719,133.47177124023438,131.17135620117188,124.43684387207031,127.96513366699219,128.24166870117188,127.23280334472656,127.58734130859375,127.69775390625,127.56291961669922,127.59284973144531,127.61618041992188,127.60034942626953,127.60269165039062,74.0
38,102.68070983886719,133.47177124023438,131.17135620117188,124.43684387207031,127.96513366699219,128.24166870117188,127.23280334472656,127.58734130859375,127.69775390625,127.56291961669922,127.59284973144531,127.61618041992188,127.60034942626953,127.60269165039062,54.0
39,102.68070983886719,133.47177124023438,131.17135620117188,124.43684387207031,127.96513366699219,128.24166870117188,127.23280334472656,127.58734130859375,127.69775390625,127.56291961669922,127.59284973144531,127.61618041992188,127.60034942626953,127.60269165039062,34.0
40,104.72489929199219,135.02928161621094,130.45419311523438,124.786865234375,128.41934204101562,128.3828125,127.4772720336914,127.86824035644531,127.93740844726562,127.81078338623047,127.84803009033203,127.8664779663086,127.8510971069336,127.8547592163086,150.0
41,104.72489929199219,135.02928161621094,130.45419311523438,124.786865234375,128.41934204101562,128.3828125,127.4772720336914,127.86824035644531,127.93740844726562,127.81078338623047,127.84803009033203,127.8664779663086,127.8510971069336,127.8547592163086,150.0
42,104.72489929199219,135.02928161621094,130.45419311523438,124.786865234375,128.41934204101562,128.3828125,127.4772720336914,127.86824035644531,127.93740844726562,127.81078338623047,127.84803009033203,127.8664779663086,127.8510971069336,127.8547592163086,150.0
43,104.72489929199219,135.02928161621094,130.45419311523438,124.786865234375,128.41934204101562,128.3828125,127.4772720336914,127.86824035644531,127.93740844726562,127.81078338623047,127.84803009033203,127.8664779663086,127.8510971069336,127.8547592163086,150.0
44,104.72489929199219,135.02928161621094,130.45419311523438,124.786865234375,128.41934204101562,128.3828125,127.4772720336914,127.86824035644531,127.93740844726562,127.81078338623047,127.84803009033203,127.8664779663086,127.8510971069336,127.8547592163086,131.0
45,104.72489929199219,135.02928161621094,130.45419311523438,124.786865234375,128.41934204101562,128.3828125,127.4772720336914,127.86824035644531,127.93740844726562,127.81078338623047,127.84803009033203,127.8664779663086,127.8510971069336,127.8547592163086,111.0
46,104.72489929199219,135.02928161621094,130.45419311523438,124.786865234375,128.41934204101562,128.3828125,127.4772720336914,127.86824035644531,127.93740844726562,127.81078338623047,127.84803009033203,127.8664779663086,127.8510971069336,127.8547592163086,91.0
47,104.72489929199219,135.02928161621094,130.45419311523438,124.786865234375,128.41934204101562,128.3828125,127.4772720336914,127.86824035644531,127.93740844726562,127.81078338623047,127.84803009033203,127.8664779663086,127.8510971069336,127.8547592163086,71.0
48,104.72489929199219,135.02928161621094,130.45419311523438,124.786865234375,128.41934204101562,128.3828125,127.4772720336914,127.86824035644531,127.93740844726562,127.81078338623047,127.84803009033203,127.8664779663086,127.8510971069336,127.8547592163086,51.0
49,104.72489929199219,135.02928161621094,130.45419311523438,124.786865234375,128.41934204101562,128.3828125,127.4772720336914,127.86824035644531,127.93740844726562,127.81078338623047,127.84803009033203,127.8664779663086,127.8510971069336,127.8547592163086,31.0
50,106.6645736694336,135.723388671875,129.247314453125,124.70281219482422,128.3240509033203,128.00657653808594,127.22039794921875,127.63240814208984,127.66215515136719,127.54635620117188,127.58881378173828,127.60201263427734,127.58721160888672,127.59165954589844,150.0
51,106.6645736694336,135.723388671875,129.247314453125,124.70281219482422,128.3240509033203,128.00657653808594,127.22039794921875,127.63240814208984,127.66215515136719,127.54635620117188,127.58881378173828,127.60201263427734,127.58721160888672,127.59165954589844,150.0
52,106.6645736694336,135.723388671875,129.247314453125,124.70281219482422,128.3240509033203,128.00657653808594,127.22039794921875,127.63240814208984,127.66215515136719,127.54635620117188,127.58881378173828,127.60201263427734,127.58721160888672,127.59165954589844,150.0
53,106.6645736694336,135.723388671875,129.247314453125,124.70281219482422,128.3240509033203,128.00657653808594,127.22039794921875,127.63240814208984,127.66215515136719,127.54635620117188,127.58881378173828,127.60201263427734,127.58721160888672,127.59165954589844,150.0
54,106.6645736694336,135.723388671875,129.247314453125,124.70281219482422,128.3240509033203,128.00657653808594,127.22039794921875,127.63240814208984,127.66215515136719,127.54635620117188,127.58881378173828,127.60201263427734,127.58721160888672,127.59165954589844,150.0
55,106.6645736694336,135.723388671875,129.247314453125,124.70281219482422,128.3240509033203,128.00657653808594,127.22039794921875,127.63240814208984,127.66215515136719,127.54635620117188,127.58881378173828,127.60201263427734,127.58721160888672,127.59165954589844,150.0
56,106.6645736694336,135.723388671875,129.247314453125,124.70281219482422,128.3240509033203,128.00657653808594,127.22039794921875,127.63240814208984,127.66215515136719,127.54635620117188,127.58881378173828,127.60201263427734,127.58721160888672,127.59165954589844,135.0
57,106.6645736694336,135.723388671875,129.247314453125,124.70281219482422,128.3240509033203,128.00657653808594,127.22039794921875,127.63240814208984,127.66215515136719,127.54635620117188,127.58881378173828,127.60201263427734,127.58721160888672,127.59165954589844,115.0
58,106.6645736694336,135.723388671875,129.247314453125,124.70281219482422,128.3240509033203,128.00657653808594,127.22039794921875,127.63240814208984,127.66215515136719,127.54635620117188,127.58881378173828,127.60201263427734,127.58721160888672,127.59165954589844,95.0
59,106.6645736694336,135.723388671875,129.247314453125,124.70281219482422,128.3240509033203,128.00657653808594,127.22039794921875,127.63240814208984,127.66215515136719,127.54635620117188,127.58881378173828,127.60201263427734,127.58721160888672,127.59165954589844,75.0
60,108.96311950683594,136.24896240234375,128.2359161376953,124.80713653564453,128.33177185058594,127.76956939697266,127.10984802246094,127.53080749511719,127.52445983886719,127.42130279541016,127.46746826171875,127.4756851196289,127.46182250976562,127.4669418334961,150.0
61,108.96311950683594,136.24896240234375,128.2359161376953,124.80713653564453,128.33177185058594,127.76956939697266,127.10984802246094,127.53080749511719,127.52445983886719,127.42130279541016,127.46746826171875,127.4756851196289,127.46182250976562,127.4669418334961,150.0
62,108.96311950683594,136.24896240234375,128.2359161376953,124.80713653564453,128.33177185058594,127.76956939697266,127.10984802246094,127.53080749511719,127.52445983886719,127.42130279541016,127.46746826171875,127.4756851196289,127.46182250976562,127.4669418334961,142.0
63,108.96311950683594,136.24896240234375,128.2359161376953,124.80713653564453,128.33177185058594,127.76956939697266,127.10984802246094,127.53080749511719,127.52445983886719,127.42130279541016,127.46746826171875,127.4756851196289,127.46182250976562,127.4669418334961,122.0
64,108.96311950683594,136.24896240234375,128.2359161376953,124.80713653564453,128.33177185058594,127.76956939697266,127.10984802246094,127.53080749511719,127.52445983886719,127.42130279541016,127.46746826171875,127.4756851196289,127.46182250976562,127.4669418334961,102.0
65,108.96311950683594,136.24896240234375,128.2359161376953,124.80713653564453,128.33177185058594,127.76956939697266,127.10984802246094,127.53080749511719,127.52445983886719,127.42130279541016,127.46746826171875,127.4756851196289,127.46182250976562,127.4669418334961,82.0
66,108.96311950683594,136.24896240234375,128.2359161376953,124.80713653564453,128.33177185058594,127.76956939697266,127.10984802246094,127.53080749511719,127.52445983886719,127.42130279541016,127.46746826171875,127.4756851196289,127.46182250976562,127.4669418334961,62.0
67,108.96311950683594,136.24896240234375,128.2359161376953,124.80713653564453,128.33177185058594,127.76956939697266,127.10984802246094,127.53080749511719,127.52445983886719,127.42130279541016,127.46746826171875,127.4756851196289,127.46182250976562,127.4669418334961,42.0
68,108.96311950683594,136.24896240234375,128.2359161376953,124.80713653564453,128.33177185058594,127.76956939697266,127.10984802246094,127.53080749511719,127.52445983886719,127.42130279541016,127.46746826171875,127.4756851196289,127.46182250976562,127.4669418334961,22.0
69,108.96311950683594,136.24896240234375,128.2359161376953,124.80713653564453,128.33177185058594,127.76956939697266,127.10984802246094,127.53080749511719,127.52445983886719,127.42130279541016,127.46746826171875,127.4756851196289,127.46182250976562,127.4669418334961,2.0
70,110.59024810791016,135.40509033203125,126.30763244628906,123.98567199707031,127.30726623535156,126.54486083984375,126.01953125,126.43390655517578,126.39495849609375,126.305908203125,126.35322570800781,126.35612487792969,126.34294128417969,126.34783935546875,150.0
71,110.59024810791016,135.40509033203125,126.30763244628906,123.98567199707031,127.30726623535156,126.54486083984375,126.01953125,126.43390655517578,126.39495849609375,126.305908203125,126.35322570800781,126.35612487792969,126.34294128417969,126.34783935546875,150.0
72,110.59024810791016,135.40509033203125,126.30763244628906,123.98567199707031,127.30726623535156,126.54486083984375,126.01953125,126.43390655517578,126.39495849609375,126.305908203125,126.35322570800781,126.35612487792969,126.34294128417969,126.34783935546875,150.0
73,110.59024810791016,135.40509033203125,126.30763244628906,123.98567199707031,127.30726623535156,126.54486083984375,126.01953125,126.43390655517578,126.39495849609375,126.305908203125,126.35322570800781,126.35612487792969,126.34294128417969,126.34783935546875,150.0
74,110.59024810791016,135.40509033203125,126.30763244628906,123.98567199707031,127.30726623535156,126.54486083984375,126.01953125,126.43390655517578,126.39495849609375,126.305908203125,126.35322570800781,126.35612487792969,126.34294128417969,126.34783935546875,150.0
75,110.59024810791016,135.40509033203125,126.30763244628906,123.98567199707031,127.30726623535156,126.54486083984375,126.01953125,126.43390655517578,126.39495849609375,126.305908203125,126.35322570800781,126.35612487792969,126.34294128417969,126.34783935546875,150.0
76,110.59024810791016,135.40509033203125,126.30763244628906,123.98567199707031,127.30726623535156,126.54486083984375,126.01953125,126.43390655517578,126.39495849609375,126.305908203125,126.35322570800781,126.35612487792969,126.34294128417969,126.34783935546875,150.0
77,110.59024810791016,135.40509033203125,126.30763244628906,123.98567199707031,127.30726623535156,126.54486083984375,126.01953125,126.43390655517578,126.39495849609375,126.305908203125,126.35322570800781,126.35612487792969,126.34294128417969,126.34783935546875,150.0
78,110.59024810791016,135.40509033203125,126.30763244628906,123.98567199707031,127.30726623535156,126.54486083984375,126.01953125,126.43390655517578,126.39495849609375,126.305908203125,126.35322570800781,126.35612487792969,126.34294128417969,126.34783935546875,133.0
79,110.59024810791016,135.40509033203125,126.30763244628906,123.98567199707031,127.30726623535156,126.54486083984375,126.01953125,126.43390655517578,126.39495849609375,126.305908203125,126.35322570800781,126.35612487792969,126.34294128417969,126.34783935546875,113.0
80,112.81100463867188,134.8944091796875,125.03910827636719,123.75209045410156,126.82274627685547,125.89800262451172,125.50407409667969,125.90406036376953,125.83705139160156,125.76277923583984,125.81040954589844,125.80877685546875,125.79674530029297,125.80165100097656,150.0
81,112.81100463867188,134.8944091796875,125.03910827636719,123.75209045410156,126.82274627685547,125.89800262451172,125.50407409667969,125.90406036376953,125.83705139160156,125.76277923583984,125.81040954589844,125.80877685546875,125.79674530029297,125.80165100097656,150.0
82,112.81100463867188,134.8944091796875,125.03910827636719,123.75209045410156,126.82274627685547,125.89800262451172,125.50407409667969,125.90406036376953,125.83705139160156,125.76277923583984,125.81040954589844,125.80877685546875,125.79674530029297,125.80165100097656,150.0
83,112.81100463867188,134.8944091796875,125.03910827636719,123.75209045410156,126.82274627685547,125.89800262451172,125.50407409667969,125.90406036376953,125.83705139160156,125.76277923583984,125.81040954589844,125.80877685546875,125.79674530029297,125.80165100097656,150.0
84,112.81100463867188,134.8944091796875,125.03910827636719,123.75209045410156,126.82274627685547,125.89800262451172,125.50407409667969,125.90406036376953,125.83705139160156,125.76277923583984,125.81040954589844,125.80877685546875,125.79674530029297,125.80165100097656,140.0
85,112.81100463867188,134.8944091796875,125.03910827636719,123.75209045410156,126.82274627685547,125.89800262451172,125.50407409667969,125.90406036376953,125.83705139160156,125.76277923583984,125.81040954589844,125.80877685546875,125.79674530029297,125.80165100097656,120.0
86,112.81100463867188,134.8944091796875,125.03910827636719,123.75209045410156,126.82274627685547,125.89800262451172,125.50407409667969,125.90406036376953,125.83705139160156,125.76277923583984,125.81040954589844,125.80877685546875,125.79674530029297,125.80165100097656,100.0
87,112.81100463867188,134.8944091796875,125.03910827636719,123.75209045410156,126.82274627685547,125.89800262451172,125.50407409667969,125.90406036376953,125.83705139160156,125.76277923583984,125.81040954589844,125.80877685546875,125.79674530029297,125.80165100097656,80.0
88,112.81100463867188,134.8944091796875,125.03910827636719,123.75209045410156,126.82274627685547,125.89800262451172,125.50407409667969,125.90406036376953,125.83705139160156,125.76277923583984,125.81040954589844,125.80877685546875,125.79674530029297,125.80165100097656,60.0
89,112.81100463867188,134.8944091796875,125.03910827636719,123.75209045410156,126.82274627685547,125.89800262451172,125.50407409667969,125.90406036376953,125.83705139160156,125.76277923583984,125.81040954589844,125.80877685546875,125.79674530029297,125.80165100097656,40.0
90,114.85749053955078,133.87818908691406,123.63190460205078,123.30421447753906,126.06681823730469,125.02200317382812,124.7562255859375,125.13227844238281,125.04179382324219,124.98262023925781,125.029052734375,125.02320098876953,125.01236724853516,125.01693725585938,150.0
91,114.85749053955078,133.87818908691406,123.63190460205078,123.30421447753906,126.06681823730469,125.02200317382812,124.7562255859375,125.13227844238281,125.04179382324219,124.98262023925781,125.029052734375,125.02320098876953,125.01236724853516,125.01693725585938,150.0
92,114.85749053955078,133.87818908691406,123.63190460205078,123.30421447753906,126.06681823730469,125.02200317382812,124.7562255859375,125.13227844238281,125.04179382324219,124.98262023925781,125.029052734375,125.02320098876953,125.01236724853516,125.01693725585938,150.0
93,114.85749053955078,133.87818908691406,123.63190460205078,123.30421447753906,126.06681823730469,125.02200317382812,124.7562255859375,125.13227844238281,125.04179382324219,124.98262023925781,125.029052734375,125.02320098876953,125.01236724853516,125.01693725585938,150.0
94,114.85749053955078,133.87818908691406,123.63190460205078,123.30421447753906,126.06681823730469,125.02200317382812,124.7562255859375,125.13227844238281,125.04179382324219,124.98262023925781,125.029052734375,125.02320098876953,125.01236724853516,125.01693725585938,150.0
95,114.85749053955078,133.87818908691406,123.63190460205078,123.30421447753906,126.06681823730469,125.02200317382812,124.7562255859375,125.13227844238281,125.04179382324219,124.98262023925781,125.029052734375,125.02320098876953,125.01236724853516,125.01693725585938,150.0
96,114.85749053955078,133.87818908691406,123.63190460205078,123.30421447753906,126.06681823730469,125.02200317382812,124.7562255859375,125.13227844238281,125.04179382324219,124.98262023925781,125.029052734375,125.02320098876953,125.01236724853516,125.01693725585938,150.0
97,114.85749053955078,133.87818908691406,123.63190460205078,123.30421447753906,126.06681823730469,125.02200317382812,124.7562255859375,125.13227844238281,125.04179382324219,124.98262023925781,125.029052734375,125.02320098876953,125.01236724853516,125.01693725585938,133.0
98,114.85749053955078,133.87818908691406,123.63190460205078,123.30421447753906,126.06681823730469,125.02200317382812,124.7562255859375,125.13227844238281,125.04179382324219,124.98262023925781,125.029052734375,125.02320098876953,125.01236724853516,125.01693725585938,113.0
99,114.85749053955078,133.87818908691406,123.63190460205078,123.30421447753906,126.06681823730469,125.02200317382812,124.7562255859375,125.13227844238281,125.04179382324219,124.98262023925781,125.029052734375,125.02320098876953,125.01236724853516,125.01693725585938,93.0
100,117.26567077636719,133.0996551513672,122.74320983886719,123.28085327148438,125.70734405517578,124.57816314697266,124.4331283569336,124.77973937988281,124.67042541503906,124.62625122070312,124.6707992553711,124.6615219116211,124.65221405029297,124.6566162109375,150.0
101,117.26567077636719,133.0996551513672,122.74320983886719,123.28085327148438,125.70734405517578,124.57816314697266,124.4331283569336,124.77973937988281,124.67042541503906,124.62625122070312,124.6707992553711,124.6615219116211,124.65221405029297,124.6566162109375,150.0
102,117.26567077636719,133.0996551513672,122.74320983886719,123.28085327148438,125.70734405517578,124.57816314697266,124.4331283569336,124.77973937988281,124.67042541503906,124.62625122070312,124.6707992553711,124.6615219116211,124.65221405029297,124.6566162109375,150.0
103,117.26567077636719,133.0996551513672,122.74320983886719,123.28085327148438,125.70734405517578,124.57816314697266,124.4331283569336,124.77973937988281,124.67042541503906,124.62625122070312,124.6707992553711,124.6615219116211,124.65221405029297,124.6566162109375,150.0
104,117.26567077636719,133.0996551513672,122.74320983886719,123.28085327148438,125.70734405517578,124.57816314697266,124.4331283569336,124.77973937988281,124.67042541503906,124.62625122070312,124.6707992553711,124.6615219116211,124.65221405029297,124.6566162109375,150.0
105,117.26567077636719,133.0996551513672,122.74320983886719,123.28085327148438,125.70734405517578,124.57816314697266,124.4331283569336,124.77973937988281,124.67042541503906,124.62625122070312,124.6707992553711,124.6615219116211,124.65221405029297,124.6566162109375,150.0
106,117.26567077636719,133.0996551513672,122.74320983886719,123.28085327148438,125.70734405517578,124.57816314697266,124.4331283569336,124.77973937988281,124.67042541503906,124.62625122070312,124.6707992553711,124.6615219116211,124.65221405029297,124.6566162109375,138.0
107,117.26567077636719,133.0996551513672,122.74320983886719,123.28085327148438,125.70734405517578,124.57816314697266,124.4331283569336,124.77973937988281,124.67042541503906,124.62625122070312,124.6707992553711,124.6615219116211,124.65221405029297,124.6566162109375,118.0
108,117.26567077636719,133.0996551513672,122.74320983886719,123.28085327148438,125.70734405517578,124.57816314697266,124.4331283569336,124.77973937988281,124.67042541503906,124.62625122070312,124.6707992553711,124.6615219116211,124.65221405029297,124.6566162109375,98.0
109,117.26567077636719,133.0996551513672,122.74320983886719,123.28085327148438,125.70734405517578,124.57816314697266,124.4331283569336,124.77973937988281,124.67042541503906,124.62625122070312,124.6707992553711,124.6615219116211,124.65221405029297,124.6566162109375,78.0
110,119.8292465209961,132.4033203125,122.198486328125,123.50129699707031,125.57013702392578,124.39126586914062,124.35814666748047,124.6705093383789,124.546875,124.51734161376953,124.55929565429688,124.54728698730469,124.53968048095703,124.54396057128906,150.0
111,119.8292465209961,132.4033203125,122.198486328125,123.50129699707031,125.57013702392578,124.39126586914062,124.35814666748047,124.6705093383789,124.546875,124.51734161376953,124.55929565429688,124.54728698730469,124.53968048095703,124.54396057128906,150.0
112,119.8292465209961,132.4033203125,122.198486328125,123.50129699707031,125.57013702392578,124.39126586914062,124.35814666748047,124.6705093383789,124.546875,124.51734161376953,124.55929565429688,124.54728698730469,124.53968048095703,124.54396057128906,150.0
113,119.8292465209961,132.4033203125,122.198486328125,123.50129699707031,125.57013702392578,124.39126586914062,124.35814666748047,124.6705093383789,124.546875,124.51734161376953,124.55929565429688,124.54728698730469,124.53968048095703,124.54396057128906,150.0
114,119.8292465209961,132.4033203125,122.198486328125,123.50129699707031,125.57013702392578,124.39126586914062,124.35814666748047,124.6705093383789,124.546875,124.51734161376953,124.55929565429688,124.54728698730469,124.53968048095703,124.54396057128906,150.0
115,119.8292465209961,132.4033203125,122.198486328125,123.50129699707031,125.57013702392578,124.39126586914062,124.35814666748047,124.6705093383789,124.546875,124.51734161376953,124.55929565429688,124.54728698730469,124.53968048095703,124.54396057128906,150.0
116,119.8292465209961,132.4033203125,122.198486328125,123.50129699707031,125.57013702392578,124.39126586914062,124.35814666748047,124.6705093383789,124.546875,124.51734161376953,124.55929565429688,124.54728698730469,124.53968048095703,124.54396057128906,150.0
117,119.8292465209961,132.4033203125,122.198486328125,123.50129699707031,125.57013702392578,124.39126586914062,124.35814666748047,124.6705093383789,124.546875,124.51734161376953,124.55929565429688,124.54728698730469,124.53968048095703,124.54396057128906,150.0
118,119.8292465209961,132.4033203125,122.198486328125,123.50129699707031,125.57013702392578,124.39126586914062,124.35814666748047,124.6705093383789,124.546875,124.51734161376953,124.55929565429688,124.54728698730469,124.53968048095703,124.54396057128906,150.0
119,119.8292465209961,132.4033203125,122.198486328125,123.50129699707031,125.57013702392578,124.39126586914062,124.35814666748047,124.6705093383789,124.546875,124.51734161376953,124.55929565429688,124.54728698730469,124.53968048095703,124.54396057128906,141.0
120,122.8608627319336,132.2161407470703,122.35702514648438,124.3248062133789,126.03093719482422,124.83072662353516,124.89945983886719,125.17518615722656,125.04141998291016,125.0260009765625,125.06517791748047,125.05130767822266,125.04578399658203,125.05026245117188,150.0
121,122.8608627319336,132.2161407470703,122.35702514648438,124.3248062133789,126.03093719482422,124.83072662353516,124.89945983886719,125.17518615722656,125.04141998291016,125.0260009765625,125.06517791748047,125.05130767822266,125.04578399658203,125.05026245117188,150.0
122,122.8608627319336,132.2161407470703,122.35702514648438,124.3248062133789,126.03093719482422,124.83072662353516,124.89945983886719,125.17518615722656,125.04141998291016,125.0260009765625,125.06517791748047,125.05130767822266,125.04578399658203,125.05026245117188,150.0
123,122.8608627319336,132.2161407470703,122.35702514648438,124.3248062133789,126.03093719482422,124.83072662353516,124.89945983886719,125.17518615722656,125.04141998291016,125.0260009765625,125.06517791748047,125.05130767822266,125.04578399658203,125.05026245117188,150.0
124,122.8608627319336,132.2161407470703,122.35702514648438,124.3248062133789,126.03093719482422,124.83072662353516,124.89945983886719,125.17518615722656,125.04141998291016,125.0260009765625,125.06517791748047,125.05130767822266,125.04578399658203,125.05026245117188,150.0
125,122.8608627319336,132.2161407470703,122.35702514648438,124.3248062133789,126.03093719482422,124.83072662353516,124.89945983886719,125.17518615722656,125.04141998291016,125.0260009765625,125.06517791748047,125.05130767822266,125.04578399658203,125.05026245117188,138.0
126,122.8608627319336,132.2161407470703,122.35702514648438,124.3248062133789,126.03093719482422,124.83072662353516,124.89945983886719,125.17518615722656,125.04141998291016,125.0260009765625,125.06517791748047,125.05130767822266,125.04578399658203,125.05026245117188,118.0
127,122.8608627319336,132.2161407470703,122.35702514648438,124.3248062133789,126.03093719482422,124.83072662353516,124.89945983886719,125.17518615722656,125.04141998291016,125.0260009765625,125.06517791748047,125.05130767822266,125.04578399658203,125.05026245117188,98.0
128,122.8608627319336,132.2161407470703,122.35702514648438,124.3248062133789,126.03093719482422,124.83072662353516,124.89945983886719,125.17518615722656,125.04141998291016,125.0260009765625,125.06517791748047,125.05130767822266,125.04578399658203,125.05026245117188,78.0
129,122.8608627319336,132.2161407470703,122.35702514648438,124.3248062133789,126.03093719482422,124.83072662353516,124.89945983886719,125.17518615722656,125.04141998291016,125.0260009765625,125.06517791748047,125.05130767822266,125.04578399658203,125.05026245117188,58.0
