,0,1,2,3,4,5,6,7,8
0,137.6709747314453,127.51995849609375,119.52706909179688,125.62771606445312,115.08135223388672,123.30067443847656,124.00501251220703,121.49857330322266,150.0
1,138.3815155029297,127.51919555664062,119.52706909179688,125.62771606445312,115.08135223388672,123.30074310302734,124.00501251220703,121.49857330322266,150.0
2,138.3836669921875,127.51918029785156,119.52706909179688,125.62771606445312,115.08135223388672,123.30073547363281,124.00501251220703,121.49857330322266,150.0
3,138.3771514892578,127.51919555664062,119.52706909179688,125.62771606445312,115.08135223388672,123.30073547363281,124.00501251220703,121.49857330322266,150.0
4,122.9437026977539,127.51991271972656,119.52706146240234,125.62771606445312,115.08135223388672,123.29862976074219,124.00501251220703,121.49857330322266,150.0
5,110.63721466064453,68.76910400390625,90.24722290039062,95.84452819824219,115.08133697509766,87.4790267944336,86.06759643554688,81.58427429199219,150.0
6,81.19725799560547,68.72826385498047,90.24722290039062,94.2255859375,81.47685241699219,87.4790267944336,86.06759643554688,81.58427429199219,147.0
7,81.1946792602539,68.72859954833984,90.24722290039062,94.2255859375,81.47685241699219,87.4790267944336,86.06759643554688,81.58427429199219,127.0
8,81.1946792602539,68.73182678222656,90.24722290039062,94.2255859375,81.47685241699219,87.4790267944336,86.06759643554688,81.58427429199219,107.0
9,81.1946792602539,68.73186492919922,90.24722290039062,94.2255859375,81.47685241699219,87.4790267944336,86.06759643554688,81.58427429199219,87.0
10,134.35137939453125,123.33003997802734,112.69400024414062,119.5434799194336,110.70006561279297,119.29952239990234,118.76668548583984,117.84455871582031,150.0
11,134.3513946533203,123.33003997802734,112.69400024414062,119.5434799194336,110.70006561279297,119.29952239990234,118.76668548583984,117.84455871582031,139.0
12,134.35137939453125,123.33003997802734,112.69400024414062,119.5434799194336,110.70006561279297,119.29952239990234,118.76668548583984,117.84455871582031,119.0
13,134.35137939453125,123.33003997802734,112.69400024414062,119.5434799194336,110.70006561279297,119.29952239990234,118.76668548583984,117.84455871582031,99.0
14,134.35137939453125,123.33003997802734,112.69400024414062,119.54348754882812,110.70006561279297,119.29943084716797,118.76668548583984,117.84455871582031,79.0
15,118.0863265991211,64.61930847167969,83.42090606689453,101.14472961425781,110.7000503540039,83.4510269165039,80.81383514404297,77.91327667236328,59.0
16,77.00749206542969,64.61542510986328,83.42091369628906,88.13255310058594,77.07366180419922,83.4510269165039,80.81383514404297,77.91327667236328,39.0
17,77.00749206542969,64.61542510986328,83.42091369628906,88.13255310058594,77.07366180419922,83.4510269165039,80.81383514404297,77.91327667236328,19.0
18,134.35137939453125,123.33003997802734,112.69400024414062,119.54348754882812,110.70006561279297,119.29952239990234,118.76668548583984,117.84455871582031,150.0
19,134.35137939453125,123.33003997802734,112.69400024414062,119.54348754882812,110.70006561279297,119.29952239990234,118.76668548583984,117.84455871582031,148.0
20,128.50399780273438,119.07068634033203,106.23681640625,113.15255737304688,106.44821166992188,115.03325653076172,113.4814682006836,114.10690307617188,128.0
21,128.5039520263672,119.07068634033203,106.23681640625,113.15255737304688,106.44820404052734,115.0332260131836,113.4814682006836,114.10690307617188,108.0
22,128.50338745117188,119.07068634033203,106.23681640625,113.15255737304688,106.44820404052734,115.0330581665039,113.4814682006836,114.10690307617188,88.0
23,128.49267578125,60.42178726196289,76.96485137939453,113.1522216796875,106.44819641113281,79.15648651123047,75.51025390625,74.15528869628906,68.0
24,71.31626892089844,60.41978454589844,76.96160125732422,81.73115539550781,72.79720306396484,79.15647888183594,75.51025390625,74.15528869628906,48.0
25,71.31626892089844,60.41978454589844,76.96160125732422,81.73115539550781,72.79720306396484,79.15647888183594,75.51025390625,74.15528869628906,28.0
26,71.31626892089844,60.41978454589844,76.96160125732422,81.73115539550781,72.79720306396484,79.15647888183594,75.51025390625,74.15528869628906,8.0
27,128.50328063964844,119.07068634033203,106.23681640625,113.15255737304688,106.44821166992188,115.03327178955078,113.4814682006836,114.10690307617188,150.0
28,128.5034637451172,119.07068634033203,106.23681640625,113.15255737304688,106.44821166992188,115.03327178955078,113.4814682006836,114.10690307617188,140.0
29,128.5037078857422,119.07068634033203,106.23681640625,113.15255737304688,106.44821166992188,115.03327178955078,113.4814682006836,114.10690307617188,120.0
30,118.22845458984375,114.66140747070312,99.94500732421875,106.17674255371094,102.00106811523438,110.24040985107422,107.96417999267578,109.99791717529297,100.0
31,118.22598266601562,114.6613998413086,99.94500732421875,106.17674255371094,102.00106811523438,110.23448944091797,107.96417999267578,109.99791717529297,80.0
32,93.52593994140625,56.06389617919922,70.65956115722656,74.74504852294922,75.04462432861328,74.33443450927734,69.97190856933594,70.0238037109375,60.0
33,64.19181823730469,56.06389617919922,70.65956115722656,74.74504852294922,68.32308197021484,74.33443450927734,69.97189331054688,70.0238037109375,40.0
34,64.19181823730469,56.06389617919922,70.65956115722656,74.74504852294922,68.32308197021484,74.33443450927734,69.97189331054688,70.0238037109375,20.0
35,64.19181823730469,56.06389617919922,70.65956115722656,74.74504852294922,68.32308197021484,74.33443450927734,69.97189331054688,70.0238037109375,0.0
36,118.19593811035156,114.66140747070312,99.94500732421875,106.17674255371094,102.00106811523438,110.24041748046875,107.96417999267578,109.99791717529297,150.0
37,118.20811462402344,114.66140747070312,99.94500732421875,106.17674255371094,102.00106811523438,110.24041748046875,107.96417999267578,109.99791717529297,150.0
38,118.2228775024414,114.66140747070312,99.94500732421875,106.17674255371094,102.00106811523438,110.24040985107422,107.96417999267578,109.99791717529297,147.0
39,118.23385620117188,114.66140747070312,99.94500732421875,106.17674255371094,102.00106811523438,110.24034881591797,107.96417999267578,109.99791717529297,127.0
40,106.08729553222656,110.38897705078125,94.22428131103516,99.40320587158203,97.86323547363281,105.26174926757812,102.58235168457031,105.78697204589844,107.0
41,105.92715454101562,110.38782501220703,64.92167663574219,99.39986419677734,97.86322021484375,69.32611846923828,102.58235168457031,105.78697204589844,87.0
42,56.708255767822266,51.82611083984375,64.91635131835938,67.95223999023438,64.14910125732422,69.32179260253906,64.56204986572266,65.78457641601562,67.0
43,56.70820999145508,51.82611083984375,64.91635131835938,67.95223999023438,64.14910125732422,69.32179260253906,64.56204986572266,65.78457641601562,47.0
44,56.70820999145508,51.82611083984375,64.91635131835938,67.95223999023438,64.14910125732422,69.32179260253906,64.56204986572266,65.78457641601562,27.0
45,56.70820999145508,51.82611083984375,64.91635131835938,67.95223999023438,64.14910125732422,69.32179260253906,64.56204986572266,65.78457641601562,7.0
46,106.0337905883789,110.38897705078125,94.22428894042969,99.40322875976562,97.86323547363281,105.2619400024414,102.58235168457031,105.78697204589844,150.0
47,106.04771423339844,110.38897705078125,94.22428894042969,99.40322875976562,97.86323547363281,105.2619400024414,102.58235168457031,105.78697204589844,150.0
48,106.06542205810547,110.38897705078125,94.22428894042969,99.40322875976562,97.86323547363281,105.2619400024414,102.58235168457031,105.78697204589844,149.0
49,106.08444213867188,110.38896942138672,94.22428894042969,99.40321350097656,97.86323547363281,105.26187133789062,102.58235168457031,105.78697204589844,129.0
50,107.49381256103516,106.97980499267578,89.57396697998047,93.73784637451172,94.76668548583984,101.13288879394531,98.1139144897461,102.18065643310547,109.0
51,107.49334716796875,48.42716598510742,60.76773452758789,93.6652603149414,94.76664733886719,65.1806869506836,60.05510711669922,102.1767349243164,89.0
52,50.457889556884766,48.42582321166992,60.76529312133789,62.25471115112305,61.00429916381836,65.1806869506836,60.055091857910156,62.1411247253418,69.0
53,50.45783233642578,48.42582321166992,60.76529312133789,62.25471115112305,61.00429916381836,65.1806869506836,60.055091857910156,62.1411247253418,49.0
54,50.45783233642578,48.42582321166992,60.76529312133789,62.25471115112305,61.00429916381836,65.1806869506836,60.055091857910156,62.1411247253418,29.0
55,50.45783233642578,48.42582321166992,60.76529312133789,62.25471115112305,61.00429916381836,65.1806869506836,60.055091857910156,62.1411247253418,9.0
56,107.4938735961914,106.97981262207031,90.11185455322266,93.73786163330078,94.76668548583984,101.16498565673828,98.1139144897461,102.18065643310547,150.0
57,107.49386596679688,106.97980499267578,90.11185455322266,93.73798370361328,94.76668548583984,101.1650619506836,98.1139144897461,102.18065643310547,150.0
58,107.49385833740234,106.97980499267578,90.11185455322266,93.73812103271484,94.76668548583984,101.16508483886719,98.1139144897461,102.18065643310547,142.0
59,107.49386596679688,106.97980499267578,90.11185455322266,93.73812103271484,94.76668548583984,101.16508483886719,98.1139144897461,102.18065643310547,122.0
60,102.52516174316406,105.10295104980469,87.77581787109375,89.51661682128906,92.84374237060547,98.17391967773438,95.1087875366211,99.38902282714844,102.0
61,102.525146484375,105.10293579101562,59.285335540771484,89.47500610351562,92.8436508178711,98.00929260253906,95.1087875366211,99.38902282714844,82.0
62,45.21733856201172,46.528900146484375,58.37540054321289,57.98865509033203,59.0214958190918,62.13551330566406,56.999786376953125,59.30342483520508,62.0
63,45.21726608276367,46.528900146484375,58.37540054321289,57.98865509033203,59.0214958190918,62.13551330566406,56.999786376953125,59.30342483520508,42.0
64,45.21726608276367,46.528900146484375,58.37540054321289,57.98865509033203,59.0214958190918,62.13551330566406,56.999786376953125,59.30342483520508,22.0
65,45.21726608276367,46.528900146484375,58.37540054321289,57.98865509033203,59.0214958190918,62.13551330566406,56.999786376953125,59.30342483520508,2.0
66,102.52516174316406,105.10295104980469,87.77581787109375,89.5183334350586,92.84374237060547,98.17395782470703,95.1087875366211,99.38902282714844,145.0
67,102.52516174316406,105.10295104980469,87.77581787109375,89.51834106445312,92.84374237060547,98.17395782470703,95.1087875366211,99.38902282714844,125.0
68,102.52516174316406,105.10295104980469,87.77581787109375,89.51834106445312,92.84374237060547,98.17395782470703,95.1087875366211,99.38902282714844,105.0
69,102.52516174316406,105.10295104980469,87.77581787109375,89.51734924316406,92.84374237060547,98.17393493652344,95.1087875366211,99.38902282714844,85.0
70,97.78133392333984,103.0461196899414,75.89183807373047,85.636474609375,90.9488754272461,94.79295349121094,92.1987075805664,96.39518737792969,65.0
71,40.46570587158203,44.451271057128906,56.55436325073242,54.171165466308594,57.06554412841797,58.87505340576172,54.038272857666016,56.26400375366211,45.0
72,40.46570587158203,44.451271057128906,56.55436325073242,54.171165466308594,57.06554412841797,58.87505340576172,54.038272857666016,56.26400375366211,25.0
73,40.46570587158203,44.451271057128906,56.55436325073242,54.171165466308594,57.06554412841797,58.87505340576172,54.038272857666016,56.26400375366211,5.0
74,97.7816390991211,103.0461196899414,86.01390075683594,85.75135803222656,90.94908142089844,94.96685791015625,92.1987075805664,96.39518737792969,150.0
75,97.7816390991211,103.04612731933594,86.01390075683594,85.75161743164062,90.94908142089844,94.96685791015625,92.1987075805664,96.39518737792969,150.0
76,97.7816390991211,103.04612731933594,86.01390075683594,85.75162506103516,90.94908142089844,94.96685791015625,92.1987075805664,96.39518737792969,134.0
77,97.7816390991211,103.04612731933594,86.01390075683594,85.75157165527344,90.94908142089844,94.96685791015625,92.1987075805664,96.39518737792969,114.0
78,97.78163146972656,103.0461196899414,86.01390075683594,85.71669006347656,90.94908142089844,94.96678924560547,92.1987075805664,96.39518737792969,94.0
79,97.78124237060547,101.91088104248047,59.471527099609375,85.18193054199219,90.9488754272461,94.79267883300781,92.1987075805664,96.39517211914062,74.0
80,36.63786315917969,42.60065460205078,55.90748596191406,51.4957160949707,55.69254684448242,56.05756759643555,51.754173278808594,53.624935150146484,54.0
81,36.63786315917969,42.60065460205078,55.90748596191406,51.4957160949707,55.69254684448242,56.05756759643555,51.754173278808594,53.624935150146484,34.0
82,36.63786315917969,42.60065460205078,55.90748596191406,51.4957160949707,55.69254684448242,56.05756759643555,51.754173278808594,53.624935150146484,14.0
83,94.09366607666016,101.2267074584961,85.43787384033203,83.13398742675781,89.64350891113281,92.20736694335938,89.9724349975586,93.80616760253906,150.0
84,94.09366607666016,101.2267074584961,85.43787384033203,83.12896728515625,89.64350891113281,92.20735931396484,89.9724349975586,93.80616760253906,150.0
85,94.09366607666016,101.2267074584961,85.43787384033203,83.07218933105469,89.64350891113281,92.20734405517578,89.9724349975586,93.80616760253906,150.0
86,94.09366607666016,101.2267074584961,85.43787384033203,82.77301025390625,89.64350891113281,92.2072982788086,89.9724349975586,93.80616760253906,150.0
87,94.09366607666016,101.2267074584961,85.43778991699219,82.6649398803711,89.64350891113281,92.20706939697266,89.9724349975586,93.80616760253906,134.0
88,94.09366607666016,42.602027893066406,57.25273132324219,56.952674865722656,89.64309692382812,56.0579719543457,89.97134399414062,93.80616760253906,114.0
89,36.63786315917969,42.60065460205078,55.90748596191406,51.4957160949707,55.69254684448242,56.05756759643555,51.754173278808594,53.624935150146484,94.0
90,36.298095703125,43.61796951293945,58.08028793334961,52.05723190307617,56.74073791503906,55.9217643737793,52.043270111083984,53.348716735839844,74.0
91,36.298099517822266,43.61796951293945,58.08028793334961,52.05723190307617,56.74073791503906,55.9217643737793,52.043270111083984,53.348716735839844,54.0
92,36.29817199707031,43.61796951293945,58.08028793334961,52.05723190307617,56.74073791503906,55.9217643737793,52.043270111083984,53.348716735839844,34.0
93,93.81780242919922,102.31831359863281,87.70077514648438,83.78197479248047,90.778564453125,92.1468505859375,90.339599609375,93.59917449951172,150.0
94,93.81780242919922,102.31831359863281,87.70077514648438,83.78197479248047,90.778564453125,92.1468505859375,90.339599609375,93.59916687011719,150.0
95,93.81780242919922,102.31829833984375,87.70077514648438,83.78197479248047,90.778564453125,92.1468505859375,90.339599609375,93.59916687011719,140.0
96,93.81780242919922,102.31829833984375,87.70077514648438,83.78191375732422,90.778564453125,92.14683532714844,90.339599609375,93.59916687011719,120.0
97,93.81780242919922,102.31829833984375,87.70077514648438,83.77017211914062,90.778564453125,92.14666748046875,90.339599609375,93.59916687011719,100.0
98,93.81779479980469,43.62339401245117,61.515506744384766,81.94068145751953,90.77777099609375,91.8859634399414,90.339599609375,93.59916687011719,80.0
99,36.32961654663086,43.61796951293945,58.08028793334961,52.05723190307617,56.74073791503906,55.9217643737793,52.043270111083984,53.348716735839844,60.0
100,38.26811599731445,46.448326110839844,61.91746139526367,54.60950469970703,59.218048095703125,57.27092742919922,53.97365951538086,54.57162094116211,40.0
101,38.26811599731445,46.448326110839844,61.91746139526367,54.60950469970703,59.218048095703125,57.27092742919922,53.97365951538086,54.57162094116211,20.0
102,38.26811599731445,46.448326110839844,61.91746139526367,54.60950469970703,59.218048095703125,57.27092742919922,53.97365951538086,54.57162094116211,0.0
103,95.63597106933594,105.24557495117188,91.6380615234375,86.42923736572266,93.3505859375,93.57965087890625,92.35699462890625,94.89949798583984,150.0
104,95.63597106933594,105.24557495117188,91.6380615234375,86.42923736572266,93.3505859375,93.57965087890625,92.35699462890625,94.89949798583984,150.0
105,95.63597106933594,105.24557495117188,91.6380615234375,86.42923736572266,93.35057830810547,93.57965087890625,92.35699462890625,94.89949798583984,135.0
106,95.63597106933594,105.24557495117188,91.6380615234375,86.42923736572266,93.35057830810547,93.57965087890625,92.35699462890625,94.89949798583984,115.0
107,95.63597106933594,105.24557495117188,91.6380615234375,86.42923736572266,93.35057830810547,93.57960510253906,92.35699462890625,94.89949798583984,95.0
108,95.63597106933594,46.449771881103516,77.43338012695312,86.27494049072266,93.34913635253906,92.4843521118164,92.35698699951172,94.89949035644531,75.0
109,38.26811599731445,46.448326110839844,61.91746139526367,54.60950469970703,59.218048095703125,57.27092742919922,53.97365951538086,54.57162094116211,55.0
110,40.71018981933594,49.62803268432617,65.79676055908203,57.70219802856445,61.755428314208984,58.84681701660156,56.224456787109375,56.04532241821289,35.0
111,40.71018981933594,49.62803268432617,65.79676055908203,57.70219802856445,61.755428314208984,58.84681701660156,56.224456787109375,56.04532241821289,15.0
112,98.22225952148438,78.96757507324219,95.62326049804688,89.62454223632812,95.98670959472656,95.24412536621094,94.70014190673828,96.4556655883789,150.0
113,98.22225952148438,108.53659057617188,95.62326049804688,89.62454986572266,95.98670959472656,95.24440002441406,94.70014190673828,96.4556655883789,141.0
114,98.22225952148438,108.53659057617188,95.62326049804688,89.62454986572266,95.98670959472656,95.24440002441406,94.70014190673828,96.4556655883789,121.0
115,98.22225952148438,108.53659057617188,95.62326049804688,89.62454986572266,95.98670959472656,95.24440002441406,94.70014190673828,96.4556655883789,101.0
116,98.22225952148438,108.53659057617188,95.62326049804688,89.62454986572266,95.98670959472656,95.24407958984375,94.70014190673828,96.4556655883789,81.0
117,98.2222671508789,49.62803268432617,66.16099548339844,76.94214630126953,61.755428314208984,58.84681701660156,56.22446060180664,56.04532241821289,61.0
118,40.71018981933594,49.62803268432617,65.79676055908203,57.70219802856445,61.755428314208984,58.84681701660156,56.224456787109375,56.04532241821289,41.0
119,40.71018981933594,49.62803268432617,65.79676055908203,57.70219802856445,61.755428314208984,58.84681701660156,56.224456787109375,56.04532241821289,21.0
120,43.033653259277344,52.53883361816406,68.9580307006836,60.57735061645508,63.8652229309082,60.23851776123047,58.34902572631836,57.407814025878906,1.0
121,100.6914291381836,111.55587768554688,98.88976287841797,92.60365295410156,98.19508361816406,96.72607421875,96.91803741455078,97.90187072753906,150.0
122,100.6914291381836,111.55587768554688,98.88976287841797,92.60365295410156,98.19508361816406,96.72607421875,96.91803741455078,97.90187072753906,148.0
123,100.6914291381836,111.55587768554688,98.88976287841797,92.60364532470703,98.19508361816406,96.72606658935547,96.91803741455078,97.90187072753906,128.0
124,100.6914291381836,111.55587768554688,98.88976287841797,92.60364532470703,98.19508361816406,96.72606658935547,96.91803741455078,97.90187072753906,108.0
125,100.6914291381836,106.33048248291016,97.6936264038086,92.60362243652344,98.19508361816406,96.7248306274414,96.91803741455078,97.90187072753906,88.0
126,100.6914291381836,52.53883361816406,93.9797592163086,92.59716033935547,63.865230560302734,60.23851776123047,58.34902572631836,57.40782165527344,68.0
127,43.033653259277344,52.53883361816406,68.9580307006836,60.57735061645508,63.8652229309082,60.23851776123047,58.34902572631836,57.407814025878906,48.0
128,43.033653259277344,52.53883361816406,68.9580307006836,60.57735061645508,63.8652229309082,60.23851776123047,58.34902572631836,57.407814025878906,28.0
129,43.033653259277344,52.53883361816406,68.9580307006836,60.57735061645508,63.8652229309082,60.23851776123047,58.34902572631836,57.407814025878906,8.0
130,102.9214859008789,113.87569427490234,101.11720275878906,95.11190032958984,99.90985107421875,97.99405670166016,98.91632080078125,99.20320129394531,150.0
131,102.9214859008789,113.956787109375,101.11720275878906,95.11190032958984,99.90985107421875,97.99406433105469,98.91632080078125,99.20320129394531,150.0
132,102.9214859008789,113.95679473876953,101.11720275878906,95.11190032958984,99.90985107421875,97.99406433105469,98.91632080078125,99.20320129394531,136.0
133,102.9214859008789,113.95661163330078,101.11720275878906,95.11190032958984,99.90985107421875,97.99404907226562,98.91632080078125,99.20320129394531,116.0
134,102.9214859008789,84.17040252685547,96.34640502929688,95.11190032958984,99.90984344482422,97.9925765991211,98.91632080078125,99.20320129394531,96.0
135,102.92147827148438,54.82761001586914,95.12045288085938,95.10728454589844,99.90370178222656,61.41379165649414,98.91346740722656,99.20281219482422,76.0
136,45.110740661621094,54.827613830566406,71.08155822753906,62.9806022644043,65.48015594482422,61.41379165649414,60.25166702270508,58.6225471496582,56.0
137,45.110740661621094,54.827613830566406,71.08155822753906,62.9806022644043,65.48015594482422,61.41379165649414,60.25166702270508,58.6225471496582,36.0
138,45.110740661621094,54.827613830566406,71.08155822753906,62.9806022644043,65.48015594482422,61.41379165649414,60.25166702270508,58.6225471496582,16.0
139,102.9214859008789,113.95677947998047,101.11720275878906,95.11190032958984,99.90985107421875,97.99406433105469,98.91632080078125,99.20320129394531,150.0
140,106.03649139404297,114.99778747558594,103.7270736694336,98.4197769165039,102.16458892822266,100.33131408691406,101.59086608886719,101.27084350585938,150.0
141,106.03649139404297,108.89591217041016,103.7270736694336,98.4197769165039,102.16458892822266,100.331298828125,101.59086608886719,101.27084350585938,132.0
142,106.03649139404297,92.72329711914062,103.7270736694336,98.4197769165039,102.16458892822266,100.33122253417969,101.59086608886719,101.27084350585938,112.0
143,106.03649139404297,86.61215209960938,79.9052734375,98.4197769165039,102.16458892822266,100.32975769042969,101.59086608886719,101.27084350585938,92.0
144,106.03649139404297,57.78849792480469,73.69357299804688,98.41634368896484,102.15556335449219,63.650115966796875,101.59085845947266,101.27084350585938,72.0
145,48.05548858642578,57.787025451660156,73.58251953125,66.17632293701172,67.63027954101562,63.64982986450195,62.82476806640625,60.5970344543457,52.0
146,48.05548858642578,57.787025451660156,73.58251953125,66.17632293701172,67.63027954101562,63.64982986450195,62.82476806640625,60.5970344543457,32.0
147,48.05549240112305,57.787025451660156,73.58251953125,66.17632293701172,67.63027954101562,63.64982986450195,62.82476806640625,60.5970344543457,12.0
148,106.03649139404297,117.04463958740234,103.7270736694336,98.4197769165039,102.16458892822266,100.33131408691406,101.59086608886719,101.27084350585938,150.0
149,106.03649139404297,117.03422546386719,103.7270736694336,98.4197769165039,102.16458892822266,100.33131408691406,101.59086608886719,101.27084350585938,150.0
150,109.44202423095703,120.55902099609375,106.59361267089844,101.95246887207031,104.49760437011719,103.2249526977539,104.44161224365234,103.64474487304688,138.0
151,109.44202423095703,120.55902099609375,106.59361267089844,101.95246887207031,104.49760437011719,103.224853515625,104.44161224365234,103.64474487304688,118.0
152,109.44202423095703,120.55902099609375,77.53907012939453,101.95246887207031,104.4975814819336,103.22148132324219,104.44161224365234,103.64474487304688,98.0
153,109.4420166015625,61.1600456237793,76.3382797241211,101.9498519897461,104.48468017578125,66.43685150146484,104.44161224365234,103.64473724365234,78.0
154,51.28180694580078,61.15851974487305,76.33589172363281,69.59373474121094,69.8570327758789,66.43684387207031,65.5718002319336,62.87444305419922,58.0
155,51.28180694580078,61.15851974487305,76.33589172363281,69.59373474121094,69.8570327758789,66.43684387207031,65.5718002319336,62.87444305419922,38.0
156,51.28181076049805,61.15851974487305,76.33589172363281,69.59373474121094,69.8570327758789,66.43684387207031,65.5718002319336,62.87444305419922,18.0
157,109.44202423095703,120.55902099609375,106.59361267089844,101.95246887207031,104.49760437011719,103.22498321533203,104.44161224365234,103.64474487304688,150.0
158,109.44202423095703,120.55902099609375,106.59361267089844,101.95246887207031,104.49761199951172,103.22498321533203,104.44161987304688,103.6447525024414,150.0
159,109.44202423095703,120.55902099609375,106.59361267089844,101.95246887207031,104.49761199951172,103.22498321533203,104.44161987304688,103.6447525024414,133.0
160,113.03331756591797,123.8274154663086,109.70721435546875,105.60541534423828,106.91658020019531,106.59073638916016,107.4249038696289,106.30609130859375,113.0
161,113.03331756591797,123.8274154663086,109.70721435546875,105.60541534423828,106.91657257080078,106.59073638916016,107.42489624023438,106.30609130859375,93.0
162,113.03331756591797,123.8274154663086,79.33536529541016,105.60541534423828,106.91653442382812,106.57514190673828,107.42489624023438,106.30608367919922,73.0
163,84.74214172363281,64.2856216430664,79.33428192138672,73.13005828857422,72.1690444946289,69.69245910644531,68.45038604736328,65.4371109008789,53.0
164,54.68968963623047,64.2856216430664,79.33427429199219,73.13005065917969,72.1690444946289,69.69245910644531,68.45038604736328,65.43710327148438,33.0
165,54.68968963623047,64.2856216430664,79.33427429199219,73.13005065917969,72.1690444946289,69.69245910644531,68.45038604736328,65.43710327148438,13.0
166,113.03331756591797,123.8274154663086,109.70721435546875,105.60541534423828,106.91657257080078,106.59069061279297,107.42489624023438,106.30608367919922,150.0
167,113.03331756591797,123.8274154663086,109.70721435546875,105.60541534423828,106.91658020019531,106.59073638916016,107.42489624023438,106.30609130859375,150.0
168,113.03331756591797,123.8274154663086,109.70721435546875,105.60541534423828,106.91658020019531,106.59073638916016,107.4249038696289,106.30609130859375,150.0
169,113.03331756591797,123.8274154663086,109.70721435546875,105.60541534423828,106.91658020019531,106.59073638916016,107.42489624023438,106.30609130859375,150.0
170,116.218505859375,126.09732818603516,112.54350280761719,109.06410217285156,109.2116470336914,109.81279754638672,110.28572082519531,109.01048278808594,150.0
171,116.21849822998047,66.42583465576172,82.05465698242188,109.06243133544922,74.35681915283203,72.80543518066406,71.20622253417969,68.04125213623047,150.0
172,57.69245147705078,66.42583465576172,82.05426788330078,76.47189331054688,74.35680389404297,72.80543518066406,71.20620727539062,68.04124450683594,135.0
173,57.69245147705078,66.42583465576172,82.05426788330078,76.47189331054688,74.35680389404297,72.80543518066406,71.20620727539062,68.04124450683594,115.0
174,57.69245147705078,66.42583465576172,82.05426788330078,76.47189331054688,74.35680389404297,72.80543518066406,71.20620727539062,68.04124450683594,95.0
175,57.69245147705078,66.42583465576172,82.05426788330078,76.47189331054688,74.35680389404297,72.80543518066406,71.20620727539062,68.04124450683594,75.0
176,116.218505859375,126.09732818603516,112.54350280761719,109.06410217285156,109.2116470336914,109.81402587890625,110.28572082519531,109.01048278808594,117.0
177,116.218505859375,126.09732818603516,112.54350280761719,109.06410217285156,109.21165466308594,109.81407165527344,110.28572082519531,109.01048278808594,97.0
178,116.218505859375,126.09732818603516,112.54350280761719,109.06410217285156,109.2116470336914,109.81352996826172,110.28572082519531,109.01048278808594,77.0
179,116.218505859375,94.78971099853516,82.05465698242188,109.06244659423828,109.18750762939453,104.49901580810547,110.28572082519531,109.01048278808594,57.0
180,61.59754943847656,69.48326110839844,85.53561401367188,80.35603332519531,77.5412368774414,76.88176727294922,74.95793151855469,71.82853698730469,37.0
181,61.59755325317383,69.48326110839844,85.53561401367188,80.35603332519531,77.5412368774414,76.88176727294922,74.95793151855469,71.82853698730469,17.0
182,120.26854705810547,129.25454711914062,116.12877655029297,113.05291748046875,112.48869323730469,113.9853744506836,114.12744140625,112.88404083251953,150.0
183,120.26854705810547,129.25454711914062,116.12877655029297,113.05291748046875,112.48869323730469,113.98628997802734,114.12744140625,112.88404083251953,132.0
184,120.26854705810547,129.25454711914062,116.12877655029297,113.05291748046875,112.48869323730469,113.98636627197266,114.12744140625,112.88404083251953,112.0
185,120.26854705810547,129.25454711914062,116.12877655029297,113.05291748046875,112.48869323730469,113.98532104492188,114.12744140625,112.88404083251953,92.0
186,120.26854705810547,129.25454711914062,85.5357894897461,113.05271911621094,112.4885482788086,80.7343978881836,114.12744140625,112.88404083251953,72.0
187,61.90705490112305,69.48326110839844,85.53560638427734,80.35603332519531,77.54124450683594,76.88176727294922,74.95793914794922,71.82855224609375,52.0
188,61.59754943847656,69.48326110839844,85.53561401367188,80.35603332519531,77.5412368774414,76.88176727294922,74.95793151855469,71.82853698730469,32.0
189,61.59755325317383,69.48326110839844,85.53561401367188,80.35603332519531,77.5412368774414,76.88176727294922,74.95793151855469,71.82853698730469,12.0
190,122.17279052734375,129.71400451660156,117.13751983642578,114.53691864013672,113.47843170166016,115.97201538085938,115.70403289794922,114.66715240478516,150.0
191,122.17279052734375,129.71400451660156,117.13752746582031,114.53691864013672,113.47843170166016,115.73230743408203,115.70403289794922,114.66715240478516,140.0
192,122.17279052734375,129.71401977539062,86.68885040283203,114.53691864013672,113.47840118408203,108.50151062011719,115.70403289794922,114.66715240478516,120.0
193,122.17279052734375,129.71401977539062,86.44901275634766,114.53691864013672,113.47836303710938,97.78668975830078,115.70403289794922,114.66715240478516,100.0
194,122.17279052734375,100.630859375,86.44900512695312,114.53577423095703,113.4364242553711,78.85618591308594,115.70403289794922,114.66714477539062,80.0
195,120.75923156738281,69.87083435058594,86.44891357421875,81.74639892578125,78.4479751586914,78.85585021972656,76.45454406738281,73.53450012207031,60.0
196,63.37273025512695,69.87083435058594,86.44890594482422,81.74639892578125,78.44795989990234,78.85584259033203,76.45453643798828,73.53450012207031,40.0
197,63.37273025512695,69.87083435058594,86.44890594482422,81.74639892578125,78.44795989990234,78.85584259033203,76.45453643798828,73.53450012207031,20.0
198,63.37273025512695,69.87083435058594,86.44890594482422,81.74639892578125,78.44795989990234,78.85584259033203,76.45453643798828,73.53450012207031,0.0
199,122.17279052734375,129.71400451660156,117.13751983642578,114.53691864013672,113.47845458984375,116.04963684082031,115.70403289794922,114.66716003417969,150.0
200,122.30426025390625,128.73348999023438,117.25711059570312,114.62470245361328,113.28565979003906,117.21328735351562,116.01851654052734,115.3119888305664,134.0
201,122.30426025390625,128.73348999023438,117.25711059570312,114.62470245361328,113.28564453125,117.21292114257812,116.01851654052734,115.3119888305664,114.0
202,122.30426025390625,128.73350524902344,117.25711059570312,114.62471008300781,113.28559112548828,116.69708251953125,116.01851654052734,115.3119888305664,94.0
203,122.30426025390625,128.73350524902344,86.47504425048828,114.62433624267578,113.28429412841797,79.93589782714844,116.01851654052734,115.3119888305664,74.0
204,63.39238739013672,68.82568359375,86.47498321533203,81.74537658691406,78.17524719238281,79.93071746826172,76.693115234375,74.10545349121094,54.0
205,63.392364501953125,68.82568359375,86.47498321533203,81.74536895751953,78.17517852783203,79.93071746826172,76.693115234375,74.10545349121094,34.0
206,63.392364501953125,68.82568359375,86.47498321533203,81.74536895751953,78.17517852783203,79.93071746826172,76.693115234375,74.10545349121094,14.0
207,122.30426025390625,128.73350524902344,117.2571029663086,114.62471008300781,113.28556823730469,116.69575500488281,116.01851654052734,115.3119888305664,150.0
208,122.30426025390625,128.73350524902344,117.25711059570312,114.62471008300781,113.28559112548828,116.69670104980469,116.01851654052734,115.3119888305664,150.0
209,122.30426025390625,128.73350524902344,117.25711059570312,114.62471008300781,113.28559112548828,116.6972885131836,116.01851654052734,115.3119888305664,142.0
210,121.68708038330078,126.62224578857422,116.63561248779297,113.99652862548828,112.57848358154297,116.15799713134766,115.65437316894531,115.34760284423828,122.0
211,121.68708038330078,126.62224578857422,85.79362487792969,113.99652862548828,112.57667541503906,116.09532928466797,115.65437316894531,115.34760284423828,102.0
212,121.68708801269531,66.82408142089844,85.76245880126953,113.99567413330078,77.38682556152344,80.41353607177734,115.65353393554688,115.34724426269531,82.0
213,62.6698112487793,66.66497802734375,85.76242065429688,81.032470703125,77.38343811035156,80.41353607177734,76.25674438476562,74.07022094726562,62.0
214,62.6698112487793,66.66497802734375,85.76242065429688,81.032470703125,77.38343811035156,80.41353607177734,76.25674438476562,74.07022094726562,42.0
215,62.6698112487793,66.66497802734375,85.76242065429688,81.032470703125,77.38343811035156,80.41353607177734,76.25674438476562,74.07022094726562,22.0
216,62.6698112487793,66.66497802734375,85.76242065429688,81.032470703125,77.38343811035156,80.41353607177734,76.25674438476562,74.07022094726562,2.0
217,121.68708038330078,126.62224578857422,116.63561248779297,113.99652862548828,112.5787582397461,116.38034057617188,115.65437316894531,115.34760284423828,150.0
218,121.68708038330078,126.62224578857422,116.63556671142578,113.99652862548828,112.578125,116.15609741210938,115.65437316894531,115.34760284423828,150.0
219,121.68708038330078,126.62224578857422,85.76284790039062,113.99652862548828,112.57636260986328,81.59521484375,115.65437316894531,115.34760284423828,150.0
220,120.31158447265625,94.88341522216797,84.57510375976562,112.42747497558594,111.45531463623047,80.33753967285156,114.4208984375,114.55982971191406,150.0
221,120.31159210205078,64.03659057617188,84.57510375976562,112.42747497558594,76.27428436279297,80.33505249023438,74.95314025878906,73.2630844116211,150.0
222,61.18812561035156,64.03659057617188,84.5750732421875,79.38175201416016,76.27428436279297,80.33505249023438,74.95294189453125,73.21320343017578,150.0
223,61.18811798095703,64.03659057617188,84.5750732421875,79.38174438476562,76.27428436279297,80.33504486083984,74.95294189453125,73.21320343017578,150.0
224,61.18811798095703,64.03659057617188,84.5750732421875,79.38174438476562,76.27428436279297,80.33504486083984,74.95294189453125,73.21320343017578,150.0
225,61.18811798095703,64.03659057617188,84.5750732421875,79.38174438476562,76.27428436279297,80.33504486083984,74.95294189453125,73.21320343017578,133.0
226,61.18811798095703,64.03659057617188,84.5750732421875,79.38174438476562,76.27428436279297,80.33504486083984,74.95294189453125,73.21320343017578,113.0
227,120.31158447265625,124.04669952392578,115.53643798828125,112.42823028564453,111.540771484375,117.68062591552734,114.4208984375,114.5598373413086,150.0
228,120.31158447265625,124.04669189453125,115.53643798828125,112.42823028564453,111.54077911376953,117.7875747680664,114.4208984375,114.5598373413086,150.0
229,120.31158447265625,124.04669189453125,115.53643798828125,112.42823028564453,111.54077911376953,117.78764343261719,114.4208984375,114.5598373413086,139.0
230,123.54864501953125,126.55982208251953,118.63126373291016,114.8941650390625,114.77472686767578,121.92249298095703,117.49310302734375,118.10041046142578,119.0
231,123.54864501953125,126.55982208251953,118.6312484741211,114.8941650390625,114.77472686767578,121.86665344238281,117.49310302734375,118.10041046142578,99.0
232,123.54865264892578,119.20303344726562,87.58263397216797,114.89349365234375,114.67723083496094,84.38751983642578,117.49310302734375,118.10041046142578,79.0
233,64.32060241699219,66.48209381103516,87.58261108398438,81.75846099853516,79.42498016357422,84.38751220703125,77.9507064819336,76.68032836914062,59.0
234,64.32059478759766,66.48209381103516,87.58261108398438,81.75846099853516,79.42498016357422,84.38751220703125,77.9507064819336,76.68032836914062,39.0
235,64.32060241699219,66.48209381103516,87.58261108398438,81.75846099853516,79.42498016357422,84.38751220703125,77.9507064819336,76.68032836914062,19.0
236,123.54864501953125,126.55982971191406,87.5826644897461,114.8941650390625,114.77460479736328,121.86547088623047,117.49310302734375,118.10041046142578,150.0
237,123.54864501953125,126.55982971191406,87.6074447631836,114.8941650390625,114.7746353149414,121.86548614501953,117.49310302734375,118.10041046142578,150.0
238,123.54864501953125,126.55982971191406,87.60779571533203,114.8941650390625,114.77460479736328,121.86548614501953,117.49310302734375,118.10041046142578,150.0
239,123.54864501953125,121.92743682861328,87.5826644897461,114.8935546875,114.68350982666016,121.0641098022461,117.49310302734375,118.10041046142578,150.0
240,126.09972381591797,76.69336700439453,90.91473388671875,116.83382415771484,82.0472412109375,87.60779571533203,119.93157196044922,120.95752716064453,150.0
241,66.76895904541016,68.1960678100586,90.91471862792969,83.6104965209961,82.0414047241211,87.6077880859375,80.31580352783203,79.46533966064453,150.0
242,66.7689437866211,68.1960678100586,90.91471862792969,83.6104965209961,82.04139709472656,87.60778045654297,80.31580352783203,79.46533966064453,150.0
243,66.7689437866211,68.1960678100586,90.91471862792969,83.6104965209961,82.04139709472656,87.60778045654297,80.31580352783203,79.46533966064453,150.0
244,66.7689437866211,68.1960678100586,90.91471862792969,83.6104965209961,82.04139709472656,87.60778045654297,80.31580352783203,79.46533966064453,150.0
245,66.7689437866211,68.1960678100586,90.91471862792969,83.6104965209961,82.04139709472656,87.60778045654297,80.31580352783203,79.46533966064453,150.0
246,126.10116577148438,128.33990478515625,122.03813171386719,116.83443450927734,117.47406005859375,125.21900939941406,119.93157196044922,120.95752716064453,150.0
247,126.10116577148438,128.33990478515625,90.9535140991211,116.83443450927734,117.47404479980469,125.21739196777344,119.93157196044922,120.95752716064453,150.0
248,126.10115814208984,128.33990478515625,90.94258880615234,116.83443450927734,117.47402954101562,125.21652221679688,119.93157196044922,120.95752716064453,150.0
249,126.10115814208984,128.33990478515625,90.93896484375,116.83443450927734,117.4739990234375,125.2162094116211,119.93157196044922,120.95752716064453,149.0
250,132.8470916748047,134.59580993652344,98.46488952636719,122.6060791015625,124.1977310180664,131.9385528564453,126.05599975585938,127.4423828125,129.0
251,132.82933044433594,105.33916473388672,98.46456909179688,122.60554504394531,88.6860580444336,94.24176025390625,126.05550384521484,127.44226837158203,109.0
252,73.42162322998047,74.37310791015625,98.46455383300781,89.28874206542969,88.68134307861328,94.24170684814453,86.36154174804688,85.87303161621094,89.0
253,73.42161560058594,74.37310791015625,98.46455383300781,89.28874206542969,88.68134307861328,94.24170684814453,86.36154174804688,85.87303161621094,69.0
254,73.42162322998047,74.37310791015625,98.46455383300781,89.28874206542969,88.68134307861328,94.24170684814453,86.36154174804688,85.87303161621094,49.0
255,73.42162322998047,74.37310791015625,98.46455383300781,89.28874206542969,88.68134307861328,94.24170684814453,86.36154174804688,85.87303161621094,29.0
256,132.84727478027344,134.59605407714844,129.661865234375,122.6061019897461,124.19971466064453,131.93991088867188,126.05599975585938,127.4423828125,134.0
257,132.84727478027344,134.59605407714844,129.66183471679688,122.6061019897461,124.19969940185547,131.93984985351562,126.05599975585938,127.4423828125,114.0
258,132.84727478027344,134.5960693359375,129.63714599609375,122.6061019897461,124.19966888427734,131.93963623046875,126.05599975585938,127.4423828125,94.0
259,132.84725952148438,134.5960693359375,98.4886474609375,122.6061019897461,124.19957733154297,131.93858337402344,126.05599975585938,127.4423828125,74.0
260,136.6247100830078,109.40570831298828,103.72134399414062,126.15336608886719,93.26307678222656,98.30281066894531,129.88925170898438,131.5531005859375,54.0
261,77.73030090332031,108.9224624633789,103.72132873535156,92.75935363769531,93.2630386352539,98.30280303955078,90.13345336914062,89.92401123046875,34.0
262,77.73031616210938,108.94429016113281,103.72132873535156,92.75935363769531,93.2630386352539,98.30280303955078,90.13345336914062,89.92401123046875,14.0
263,136.63690185546875,138.68177795410156,103.74441528320312,126.15388488769531,128.8518524169922,136.0643768310547,129.8900604248047,131.55340576171875,150.0
264,136.6368865966797,138.68177795410156,134.9659881591797,126.15388488769531,128.85194396972656,136.06460571289062,129.8900604248047,131.55340576171875,150.0
265,136.63685607910156,138.68177795410156,134.97862243652344,126.15388488769531,128.85198974609375,136.0646209716797,129.8900604248047,131.55340576171875,150.0
266,136.63668823242188,138.68177795410156,103.86947631835938,126.15388488769531,128.85186767578125,136.06451416015625,129.8900604248047,131.55340576171875,150.0
267,136.62940979003906,138.6744384765625,103.73745727539062,126.15341186523438,128.71893310546875,136.0643310546875,129.8900604248047,131.55340576171875,150.0
268,77.76156616210938,109.40570831298828,103.72134399414062,124.19894409179688,93.26306915283203,98.30281066894531,90.1334457397461,89.92401123046875,147.0
269,77.73030853271484,108.90328216552734,103.72132873535156,92.75935363769531,93.2630386352539,98.30280303955078,90.13345336914062,89.92401123046875,127.0
270,81.5704574584961,112.1300048828125,108.66846466064453,95.61445617675781,97.51338195800781,101.59654998779297,93.42066192626953,93.39080047607422,107.0
271,81.57046508789062,112.1300048828125,108.66846466064453,95.61445617675781,97.51338195800781,101.59654998779297,93.42066192626953,93.39080047607422,87.0
272,81.57046508789062,112.1300048828125,108.66846466064453,95.61445617675781,97.51338195800781,101.59654998779297,93.42066192626953,93.39080047607422,67.0
273,140.52197265625,141.4281768798828,136.535888671875,129.0843048095703,133.1746826171875,139.42164611816406,133.23533630371094,135.07550048828125,150.0
274,140.52197265625,141.42816162109375,139.98342895507812,129.0843048095703,133.1747283935547,139.42166137695312,133.23533630371094,135.07550048828125,148.0
275,140.52197265625,141.42816162109375,139.98342895507812,129.0843048095703,133.1747283935547,139.42166137695312,133.23533630371094,135.07550048828125,128.0
276,140.52197265625,141.42816162109375,139.98342895507812,129.0843048095703,133.1747283935547,139.42166137695312,133.23533630371094,135.07550048828125,108.0
277,140.52197265625,141.4281768798828,139.96226501464844,129.0843048095703,133.1746826171875,139.42164611816406,133.23533630371094,135.07550048828125,88.0
278,140.52183532714844,112.13001251220703,108.6684799194336,129.08409118652344,97.51335144042969,101.5965576171875,133.23475646972656,135.07522583007812,68.0
279,81.5704574584961,112.12998962402344,108.66846466064453,95.61445617675781,97.51338195800781,101.59654998779297,93.42066192626953,93.39080047607422,48.0
280,83.59795379638672,112.35235595703125,111.1513900756836,96.90647888183594,100.1031265258789,102.92774200439453,95.0066146850586,95.0552749633789,28.0
281,83.59795379638672,112.35235595703125,111.1513900756836,96.90647888183594,100.1031265258789,102.92774200439453,95.0066146850586,95.0552749633789,8.0
282,142.57102966308594,141.66311645507812,142.5112762451172,130.4369354248047,135.82460021972656,140.80343627929688,134.86422729492188,136.77952575683594,135.0
283,142.57102966308594,141.66311645507812,142.5112762451172,130.4369354248047,135.82461547851562,140.80343627929688,134.86422729492188,136.77952575683594,115.0
284,142.57102966308594,141.66311645507812,142.5112762451172,130.4369354248047,135.82473754882812,140.80343627929688,134.86422729492188,136.77952575683594,95.0
285,142.57102966308594,141.66311645507812,142.5112762451172,130.4369354248047,135.82469177246094,140.80343627929688,134.86422729492188,136.77952575683594,75.0
286,142.57130432128906,112.35235595703125,111.15143585205078,130.43682861328125,100.10265350341797,102.92774200439453,95.0066146850586,95.10250854492188,55.0
287,83.59793090820312,112.35235595703125,111.1513900756836,96.90647888183594,100.1031265258789,102.92774200439453,95.0066146850586,95.0552749633789,35.0
288,83.59795379638672,112.35235595703125,111.1513900756836,96.90647888183594,100.1031265258789,102.92774200439453,95.0066146850586,95.0552749633789,15.0
289,142.57102966308594,141.66311645507812,142.5112762451172,130.4369354248047,135.82456970214844,140.80343627929688,134.86422729492188,136.77952575683594,150.0
290,140.369873046875,137.2526092529297,140.22967529296875,127.93151092529297,134.4442596435547,138.0213165283203,132.86830139160156,134.7803192138672,150.0
291,140.369873046875,137.2526092529297,140.22967529296875,127.93151092529297,134.4442596435547,138.0213165283203,132.86830139160156,134.7803192138672,142.0
292,140.369873046875,137.2526092529297,140.22967529296875,127.93151092529297,134.4442596435547,138.0213165283203,132.86830139160156,134.7803192138672,122.0
293,140.369873046875,137.2526092529297,140.22967529296875,127.93151092529297,134.4442596435547,138.0213165283203,132.86830139160156,134.7803192138672,102.0
294,140.369873046875,137.2526092529297,140.22967529296875,127.93151092529297,134.4442138671875,138.0213165283203,132.86830139160156,134.7803192138672,82.0
295,81.48242950439453,107.94244384765625,108.8416748046875,127.93138885498047,98.67508697509766,100.11148834228516,92.98087310791016,93.03018951416016,62.0
296,81.42425537109375,107.94244384765625,108.84159851074219,94.35997772216797,98.67508697509766,100.11149597167969,92.98088073730469,93.03018951416016,42.0
297,81.42428588867188,107.94244384765625,108.84159851074219,94.35997772216797,98.67508697509766,100.11149597167969,92.98088073730469,93.03018951416016,22.0
298,81.42430114746094,107.94244384765625,108.84159851074219,94.35997772216797,98.67508697509766,100.11149597167969,92.98088073730469,93.03018951416016,2.0
299,140.369873046875,137.2526092529297,140.22967529296875,127.93151092529297,134.4442596435547,138.0213165283203,132.86830139160156,134.7803192138672,136.0
300,135.8270263671875,130.04910278320312,134.80401611328125,123.11741638183594,130.5228729248047,132.62013244628906,128.65213012695312,130.47433471679688,116.0
301,135.8270263671875,130.04910278320312,134.80401611328125,123.11741638183594,130.5228729248047,132.62013244628906,128.65213012695312,130.47433471679688,96.0
302,135.82704162597656,130.04910278320312,134.80401611328125,123.11741638183594,130.52272033691406,132.62013244628906,128.65213012695312,130.47433471679688,76.0
303,135.7328643798828,100.74718475341797,103.40000915527344,123.11738586425781,94.71829986572266,94.68758392333984,88.74324798583984,88.7072982788086,56.0
304,76.9284896850586,100.74718475341797,103.3997802734375,89.51741790771484,94.71830749511719,94.68758392333984,88.74324798583984,88.7072982788086,36.0
305,76.92862701416016,100.74718475341797,103.3997802734375,89.51741790771484,94.71830749511719,94.68758392333984,88.74324798583984,88.7072982788086,16.0
