,0,1,2,3,4,5,6,7,8,9,10,11,12,13
0,98.05272674560547,92.74358367919922,92.78668212890625,92.80036163330078,92.81237030029297,92.82392883300781,92.83497619628906,92.84551239013672,92.85549926757812,92.86488342285156,92.87371826171875,92.88192749023438,92.88955688476562,150.0
1,98.05272674560547,92.74358367919922,92.78668212890625,92.80036163330078,92.81237030029297,92.82392883300781,92.83497619628906,92.84551239013672,92.85549926757812,92.86488342285156,92.87371826171875,92.88192749023438,92.88955688476562,150.0
2,98.05272674560547,92.74358367919922,92.78668212890625,92.80036163330078,92.81237030029297,92.82392883300781,92.83497619628906,92.84551239013672,92.85549926757812,92.86488342285156,92.87371826171875,92.88192749023438,92.88955688476562,132.0
3,98.05272674560547,92.74358367919922,92.78668212890625,92.80036163330078,92.81237030029297,92.82392883300781,92.83497619628906,92.84551239013672,92.85549926757812,92.86488342285156,92.87371826171875,92.88192749023438,92.88955688476562,112.0
4,98.05272674560547,92.74358367919922,92.78668212890625,92.80036163330078,92.81237030029297,92.82392883300781,92.83497619628906,92.84551239013672,92.85549926757812,92.86488342285156,92.87371826171875,92.88192749023438,92.88955688476562,92.0
5,98.05272674560547,92.74358367919922,92.78668212890625,92.80036163330078,92.81237030029297,92.82392883300781,92.83497619628906,92.84551239013672,92.85549926757812,92.86488342285156,92.87371826171875,92.88192749023438,92.88955688476562,72.0
6,98.05272674560547,92.74358367919922,92.78668212890625,92.80036163330078,92.81237030029297,92.82392883300781,92.83497619628906,92.84551239013672,92.85549926757812,92.86488342285156,92.87371826171875,92.88192749023438,92.88955688476562,52.0
7,98.05272674560547,92.74358367919922,92.78668212890625,92.80036163330078,92.81237030029297,92.82392883300781,92.83497619628906,92.84551239013672,92.85549926757812,92.86488342285156,92.87371826171875,92.88192749023438,92.88955688476562,32.0
8,98.05272674560547,92.74358367919922,92.78668212890625,92.80036163330078,92.81237030029297,92.82392883300781,92.83497619628906,92.84551239013672,92.85549926757812,92.86488342285156,92.87371826171875,92.88192749023438,92.88955688476562,12.0
9,98.05272674560547,92.74358367919922,92.78668212890625,92.80036163330078,92.81237030029297,92.82392883300781,92.83497619628906,92.84551239013672,92.85549926757812,92.86488342285156,92.87371826171875,92.88192749023438,92.88955688476562,150.0
10,96.81474304199219,91.6030044555664,91.66004180908203,91.67840576171875,91.69508361816406,91.71112060546875,91.72640228271484,91.7409439086914,91.75469207763672,91.76762390136719,91.77973937988281,91.79100036621094,91.80145263671875,139.0
11,96.81474304199219,91.6030044555664,91.66004180908203,91.67840576171875,91.69508361816406,91.71112060546875,91.72640228271484,91.7409439086914,91.75469207763672,91.76762390136719,91.77973937988281,91.79100036621094,91.80145263671875,119.0
12,96.81474304199219,91.6030044555664,91.66004180908203,91.67840576171875,91.69508361816406,91.71112060546875,91.72640228271484,91.7409439086914,91.75469207763672,91.76762390136719,91.77973937988281,91.79100036621094,91.80145263671875,99.0
13,96.81474304199219,91.6030044555664,91.66004180908203,91.67840576171875,91.69508361816406,91.71112060546875,91.72640228271484,91.7409439086914,91.75469207763672,91.76762390136719,91.77973937988281,91.79100036621094,91.80145263671875,79.0
14,96.81474304199219,91.6030044555664,91.66004180908203,91.67840576171875,91.69508361816406,91.71112060546875,91.72640228271484,91.7409439086914,91.75469207763672,91.76762390136719,91.77973937988281,91.79100036621094,91.80145263671875,59.0
15,96.81474304199219,91.6030044555664,91.66004180908203,91.67840576171875,91.69508361816406,91.71112060546875,91.72640228271484,91.7409439086914,91.75469207763672,91.76762390136719,91.77973937988281,91.79100036621094,91.80145263671875,39.0
16,96.81474304199219,91.6030044555664,91.66004180908203,91.67840576171875,91.69508361816406,91.71112060546875,91.72640228271484,91.7409439086914,91.75469207763672,91.76762390136719,91.77973937988281,91.79100036621094,91.80145263671875,19.0
17,96.81474304199219,91.6030044555664,91.66004180908203,91.67840576171875,91.69508361816406,91.71112060546875,91.72640228271484,91.7409439086914,91.75469207763672,91.76762390136719,91.77973937988281,91.79100036621094,91.80145263671875,150.0
18,96.81474304199219,91.6030044555664,91.66004180908203,91.67840576171875,91.69508361816406,91.71112060546875,91.72640228271484,91.7409439086914,91.75469207763672,91.76762390136719,91.77973937988281,91.79100036621094,91.80145263671875,149.0
19,96.81474304199219,91.6030044555664,91.66004180908203,91.67840576171875,91.69508361816406,91.71112060546875,91.72640228271484,91.7409439086914,91.75469207763672,91.76762390136719,91.77973937988281,91.79100036621094,91.80145263671875,129.0
20,95.7254638671875,90.67591857910156,90.743896484375,90.7656478881836,90.78578186035156,90.80509948730469,90.82350158691406,90.84099578857422,90.85751342773438,90.87305450439453,90.8875961303711,90.90111541748047,90.91365814208984,109.0
21,95.7254638671875,90.67591857910156,90.743896484375,90.7656478881836,90.78578186035156,90.80509948730469,90.82350158691406,90.84099578857422,90.85751342773438,90.87305450439453,90.8875961303711,90.90111541748047,90.91365814208984,89.0
22,95.7254638671875,90.67591857910156,90.743896484375,90.7656478881836,90.78578186035156,90.80509948730469,90.82350158691406,90.84099578857422,90.85751342773438,90.87305450439453,90.8875961303711,90.90111541748047,90.91365814208984,69.0
23,95.7254638671875,90.67591857910156,90.743896484375,90.7656478881836,90.78578186035156,90.80509948730469,90.82350158691406,90.84099578857422,90.85751342773438,90.87305450439453,90.8875961303711,90.90111541748047,90.91365814208984,49.0
24,95.7254638671875,90.67591857910156,90.743896484375,90.7656478881836,90.78578186035156,90.80509948730469,90.82350158691406,90.84099578857422,90.85751342773438,90.87305450439453,90.8875961303711,90.90111541748047,90.91365814208984,29.0
25,95.7254638671875,90.67591857910156,90.743896484375,90.7656478881836,90.78578186035156,90.80509948730469,90.82350158691406,90.84099578857422,90.85751342773438,90.87305450439453,90.8875961303711,90.90111541748047,90.91365814208984,9.0
26,95.7254638671875,90.67591857910156,90.743896484375,90.7656478881836,90.78578186035156,90.80509948730469,90.82350158691406,90.84099578857422,90.85751342773438,90.87305450439453,90.8875961303711,90.90111541748047,90.91365814208984,150.0
27,95.7254638671875,90.67591857910156,90.743896484375,90.7656478881836,90.78578186035156,90.80509948730469,90.82350158691406,90.84099578857422,90.85751342773438,90.87305450439453,90.8875961303711,90.90111541748047,90.91365814208984,148.0
28,95.7254638671875,90.67591857910156,90.743896484375,90.7656478881836,90.78578186035156,90.80509948730469,90.82350158691406,90.84099578857422,90.85751342773438,90.87305450439453,90.8875961303711,90.90111541748047,90.91365814208984,128.0
29,95.7254638671875,90.67591857910156,90.743896484375,90.7656478881836,90.78578186035156,90.80509948730469,90.82350158691406,90.84099578857422,90.85751342773438,90.87305450439453,90.8875961303711,90.90111541748047,90.91365814208984,108.0
30,94.64405059814453,89.81764221191406,89.89450073242188,89.91908264160156,89.942138671875,89.9642333984375,89.98526763916016,90.00526428222656,90.02413177490234,90.0418701171875,90.05846405029297,90.07388305664062,90.08818817138672,88.0
31,94.64405059814453,89.81764221191406,89.89450073242188,89.91908264160156,89.942138671875,89.9642333984375,89.98526763916016,90.00526428222656,90.02413177490234,90.0418701171875,90.05846405029297,90.07388305664062,90.08818817138672,68.0
32,94.64405059814453,89.81764221191406,89.89450073242188,89.91908264160156,89.942138671875,89.9642333984375,89.98526763916016,90.00526428222656,90.02413177490234,90.0418701171875,90.05846405029297,90.07388305664062,90.08818817138672,48.0
33,94.64405059814453,89.81764221191406,89.89450073242188,89.91908264160156,89.942138671875,89.9642333984375,89.98526763916016,90.00526428222656,90.02413177490234,90.0418701171875,90.05846405029297,90.07388305664062,90.08818817138672,28.0
34,94.64405059814453,89.81764221191406,89.89450073242188,89.91908264160156,89.942138671875,89.9642333984375,89.98526763916016,90.00526428222656,90.02413177490234,90.0418701171875,90.05846405029297,90.07388305664062,90.08818817138672,8.0
35,94.64405059814453,89.81764221191406,89.89450073242188,89.91908264160156,89.942138671875,89.9642333984375,89.98526763916016,90.00526428222656,90.02413177490234,90.0418701171875,90.05846405029297,90.07388305664062,90.08818817138672,150.0
36,94.64405059814453,89.81764221191406,89.89450073242188,89.91908264160156,89.942138671875,89.9642333984375,89.98526763916016,90.00526428222656,90.02413177490234,90.0418701171875,90.05846405029297,90.07388305664062,90.08818817138672,150.0
37,94.64405059814453,89.81764221191406,89.89450073242188,89.91908264160156,89.942138671875,89.9642333984375,89.98526763916016,90.00526428222656,90.02413177490234,90.0418701171875,90.05846405029297,90.07388305664062,90.08818817138672,150.0
38,94.64405059814453,89.81764221191406,89.89450073242188,89.91908264160156,89.942138671875,89.9642333984375,89.98526763916016,90.00526428222656,90.02413177490234,90.0418701171875,90.05846405029297,90.07388305664062,90.08818817138672,150.0
39,94.64405059814453,89.81764221191406,89.89450073242188,89.91908264160156,89.942138671875,89.9642333984375,89.98526763916016,90.00526428222656,90.02413177490234,90.0418701171875,90.05846405029297,90.07388305664062,90.08818817138672,150.0
40,93.7403793334961,89.17962646484375,89.26253509521484,89.28861999511719,89.31331634521484,89.33695983886719,89.35948181152344,89.38087463378906,89.40106201171875,89.42005920410156,89.43780517578125,89.45431518554688,89.4696273803711,139.0
41,93.7403793334961,89.17962646484375,89.26253509521484,89.28861999511719,89.31331634521484,89.33695983886719,89.35948181152344,89.38087463378906,89.40106201171875,89.42005920410156,89.43780517578125,89.45431518554688,89.4696273803711,119.0
42,93.7403793334961,89.17962646484375,89.26253509521484,89.28861999511719,89.31331634521484,89.33695983886719,89.35948181152344,89.38087463378906,89.40106201171875,89.42005920410156,89.43780517578125,89.45431518554688,89.4696273803711,99.0
43,93.7403793334961,89.17962646484375,89.26253509521484,89.28861999511719,89.31331634521484,89.33695983886719,89.35948181152344,89.38087463378906,89.40106201171875,89.42005920410156,89.43780517578125,89.45431518554688,89.4696273803711,79.0
44,93.7403793334961,89.17962646484375,89.26253509521484,89.28861999511719,89.31331634521484,89.33695983886719,89.35948181152344,89.38087463378906,89.40106201171875,89.42005920410156,89.43780517578125,89.45431518554688,89.4696273803711,59.0
45,93.7403793334961,89.17962646484375,89.26253509521484,89.28861999511719,89.31331634521484,89.33695983886719,89.35948181152344,89.38087463378906,89.40106201171875,89.42005920410156,89.43780517578125,89.45431518554688,89.4696273803711,130.0
46,93.7403793334961,89.17962646484375,89.26253509521484,89.28861999511719,89.31331634521484,89.33695983886719,89.35948181152344,89.38087463378906,89.40106201171875,89.42005920410156,89.43780517578125,89.45431518554688,89.4696273803711,110.0
47,93.7403793334961,89.17962646484375,89.26253509521484,89.28861999511719,89.31331634521484,89.33695983886719,89.35948181152344,89.38087463378906,89.40106201171875,89.42005920410156,89.43780517578125,89.45431518554688,89.4696273803711,90.0
48,93.7403793334961,89.17962646484375,89.26253509521484,89.28861999511719,89.31331634521484,89.33695983886719,89.35948181152344,89.38087463378906,89.40106201171875,89.42005920410156,89.43780517578125,89.45431518554688,89.4696273803711,70.0
49,93.7403793334961,89.17962646484375,89.26253509521484,89.28861999511719,89.31331634521484,89.33695983886719,89.35948181152344,89.38087463378906,89.40106201171875,89.42005920410156,89.43780517578125,89.45431518554688,89.4696273803711,50.0
50,92.94117736816406,88.68277740478516,88.76951599121094,88.79617309570312,88.82161712646484,88.8459701538086,88.86917877197266,88.89122009277344,88.91204071044922,88.93161010742188,88.94991302490234,88.96693420410156,88.98272705078125,30.0
51,92.94117736816406,88.68277740478516,88.76951599121094,88.79617309570312,88.82161712646484,88.8459701538086,88.86917877197266,88.89122009277344,88.91204071044922,88.93161010742188,88.94991302490234,88.96693420410156,88.98272705078125,10.0
52,92.94117736816406,88.68277740478516,88.76951599121094,88.79617309570312,88.82161712646484,88.8459701538086,88.86917877197266,88.89122009277344,88.91204071044922,88.93161010742188,88.94991302490234,88.96693420410156,88.98272705078125,150.0
53,92.94117736816406,88.68277740478516,88.76951599121094,88.79617309570312,88.82161712646484,88.8459701538086,88.86917877197266,88.89122009277344,88.91204071044922,88.93161010742188,88.94991302490234,88.96693420410156,88.98272705078125,150.0
54,92.94117736816406,88.68277740478516,88.76951599121094,88.79617309570312,88.82161712646484,88.8459701538086,88.86917877197266,88.89122009277344,88.91204071044922,88.93161010742188,88.94991302490234,88.96693420410156,88.98272705078125,141.0
55,92.94117736816406,88.68277740478516,88.76951599121094,88.79617309570312,88.82161712646484,88.8459701538086,88.86917877197266,88.89122009277344,88.91204071044922,88.93161010742188,88.94991302490234,88.96693420410156,88.98272705078125,121.0
56,92.94117736816406,88.68277740478516,88.76951599121094,88.79617309570312,88.82161712646484,88.8459701538086,88.86917877197266,88.89122009277344,88.91204071044922,88.93161010742188,88.94991302490234,88.96693420410156,88.98272705078125,101.0
57,92.94117736816406,88.68277740478516,88.76951599121094,88.79617309570312,88.82161712646484,88.8459701538086,88.86917877197266,88.89122009277344,88.91204071044922,88.93161010742188,88.94991302490234,88.96693420410156,88.98272705078125,81.0
58,92.94117736816406,88.68277740478516,88.76951599121094,88.79617309570312,88.82161712646484,88.8459701538086,88.86917877197266,88.89122009277344,88.91204071044922,88.93161010742188,88.94991302490234,88.96693420410156,88.98272705078125,61.0
59,92.94117736816406,88.68277740478516,88.76951599121094,88.79617309570312,88.82161712646484,88.8459701538086,88.86917877197266,88.89122009277344,88.91204071044922,88.93161010742188,88.94991302490234,88.96693420410156,88.98272705078125,41.0
60,92.15962219238281,88.23532104492188,88.32421875,88.35102844238281,88.37680053710938,88.40145874023438,88.42495727539062,88.4472885131836,88.4683837890625,88.48822784423828,88.50677490234375,88.52404022216797,88.5400619506836,21.0
61,92.15962219238281,88.23532104492188,88.32421875,88.35102844238281,88.37680053710938,88.40145874023438,88.42495727539062,88.4472885131836,88.4683837890625,88.48822784423828,88.50677490234375,88.52404022216797,88.5400619506836,1.0
62,92.15962219238281,88.23532104492188,88.32421875,88.35102844238281,88.37680053710938,88.40145874023438,88.42495727539062,88.4472885131836,88.4683837890625,88.48822784423828,88.50677490234375,88.52404022216797,88.5400619506836,150.0
63,92.15962219238281,88.23532104492188,88.32421875,88.35102844238281,88.37680053710938,88.40145874023438,88.42495727539062,88.4472885131836,88.4683837890625,88.48822784423828,88.50677490234375,88.52404022216797,88.5400619506836,150.0
64,92.15962219238281,88.23532104492188,88.32421875,88.35102844238281,88.37680053710938,88.40145874023438,88.42495727539062,88.4472885131836,88.4683837890625,88.48822784423828,88.50677490234375,88.52404022216797,88.5400619506836,150.0
65,92.15962219238281,88.23532104492188,88.32421875,88.35102844238281,88.37680053710938,88.40145874023438,88.42495727539062,88.4472885131836,88.4683837890625,88.48822784423828,88.50677490234375,88.52404022216797,88.5400619506836,142.0
66,92.15962219238281,88.23532104492188,88.32421875,88.35102844238281,88.37680053710938,88.40145874023438,88.42495727539062,88.4472885131836,88.4683837890625,88.48822784423828,88.50677490234375,88.52404022216797,88.5400619506836,122.0
67,92.15962219238281,88.23532104492188,88.32421875,88.35102844238281,88.37680053710938,88.40145874023438,88.42495727539062,88.4472885131836,88.4683837890625,88.48822784423828,88.50677490234375,88.52404022216797,88.5400619506836,102.0
68,92.15962219238281,88.23532104492188,88.32421875,88.35102844238281,88.37680053710938,88.40145874023438,88.42495727539062,88.4472885131836,88.4683837890625,88.48822784423828,88.50677490234375,88.52404022216797,88.5400619506836,82.0
69,92.15962219238281,88.23532104492188,88.32421875,88.35102844238281,88.37680053710938,88.40145874023438,88.42495727539062,88.4472885131836,88.4683837890625,88.48822784423828,88.50677490234375,88.52404022216797,88.5400619506836,62.0
70,91.54741668701172,87.9744644165039,88.06331634521484,88.08917236328125,88.11418151855469,88.13813781738281,88.16097259521484,88.18269348144531,88.20321655273438,88.2225341796875,88.2406005859375,88.2574234008789,88.27304077148438,42.0
71,91.54741668701172,87.9744644165039,88.06331634521484,88.08917236328125,88.11418151855469,88.13813781738281,88.16097259521484,88.18269348144531,88.20321655273438,88.2225341796875,88.2406005859375,88.2574234008789,88.27304077148438,22.0
72,91.54741668701172,87.9744644165039,88.06331634521484,88.08917236328125,88.11418151855469,88.13813781738281,88.16097259521484,88.18269348144531,88.20321655273438,88.2225341796875,88.2406005859375,88.2574234008789,88.27304077148438,150.0
73,91.54741668701172,87.9744644165039,88.06331634521484,88.08917236328125,88.11418151855469,88.13813781738281,88.16097259521484,88.18269348144531,88.20321655273438,88.2225341796875,88.2406005859375,88.2574234008789,88.27304077148438,150.0
74,91.54741668701172,87.9744644165039,88.06331634521484,88.08917236328125,88.11418151855469,88.13813781738281,88.16097259521484,88.18269348144531,88.20321655273438,88.2225341796875,88.2406005859375,88.2574234008789,88.27304077148438,150.0
75,91.54741668701172,87.9744644165039,88.06331634521484,88.08917236328125,88.11418151855469,88.13813781738281,88.16097259521484,88.18269348144531,88.20321655273438,88.2225341796875,88.2406005859375,88.2574234008789,88.27304077148438,150.0
76,91.54741668701172,87.9744644165039,88.06331634521484,88.08917236328125,88.11418151855469,88.13813781738281,88.16097259521484,88.18269348144531,88.20321655273438,88.2225341796875,88.2406005859375,88.2574234008789,88.27304077148438,140.0
77,91.54741668701172,87.9744644165039,88.06331634521484,88.08917236328125,88.11418151855469,88.13813781738281,88.16097259521484,88.18269348144531,88.20321655273438,88.2225341796875,88.2406005859375,88.2574234008789,88.27304077148438,120.0
78,91.54741668701172,87.9744644165039,88.06331634521484,88.08917236328125,88.11418151855469,88.13813781738281,88.16097259521484,88.18269348144531,88.20321655273438,88.2225341796875,88.2406005859375,88.2574234008789,88.27304077148438,100.0
79,91.54741668701172,87.9744644165039,88.06331634521484,88.08917236328125,88.11418151855469,88.13813781738281,88.16097259521484,88.18269348144531,88.20321655273438,88.2225341796875,88.2406005859375,88.2574234008789,88.27304077148438,80.0
80,91.27474975585938,88.05712890625,88.1430892944336,88.16610717773438,88.18855285644531,88.21009063720703,88.23066711425781,88.2502670288086,88.26880645751953,88.28628540039062,88.30265045166016,88.3178939819336,88.33206176757812,60.0
81,91.27474975585938,88.05712890625,88.1430892944336,88.16610717773438,88.18855285644531,88.21009063720703,88.23066711425781,88.2502670288086,88.26880645751953,88.28628540039062,88.30265045166016,88.3178939819336,88.33206176757812,40.0
82,91.27474975585938,88.05712890625,88.1430892944336,88.16610717773438,88.18855285644531,88.21009063720703,88.23066711425781,88.2502670288086,88.26880645751953,88.28628540039062,88.30265045166016,88.3178939819336,88.33206176757812,150.0
83,91.27474975585938,88.05712890625,88.1430892944336,88.16610717773438,88.18855285644531,88.21009063720703,88.23066711425781,88.2502670288086,88.26880645751953,88.28628540039062,88.30265045166016,88.3178939819336,88.33206176757812,130.0
84,91.27474975585938,88.05712890625,88.1430892944336,88.16610717773438,88.18855285644531,88.21009063720703,88.23066711425781,88.2502670288086,88.26880645751953,88.28628540039062,88.30265045166016,88.3178939819336,88.33206176757812,110.0
85,91.27474975585938,88.05712890625,88.1430892944336,88.16610717773438,88.18855285644531,88.21009063720703,88.23066711425781,88.2502670288086,88.26880645751953,88.28628540039062,88.30265045166016,88.3178939819336,88.33206176757812,90.0
86,91.27474975585938,88.05712890625,88.1430892944336,88.16610717773438,88.18855285644531,88.21009063720703,88.23066711425781,88.2502670288086,88.26880645751953,88.28628540039062,88.30265045166016,88.3178939819336,88.33206176757812,70.0
87,91.27474975585938,88.05712890625,88.1430892944336,88.16610717773438,88.18855285644531,88.21009063720703,88.23066711425781,88.2502670288086,88.26880645751953,88.28628540039062,88.30265045166016,88.3178939819336,88.33206176757812,50.0
88,91.27474975585938,88.05712890625,88.1430892944336,88.16610717773438,88.18855285644531,88.21009063720703,88.23066711425781,88.2502670288086,88.26880645751953,88.28628540039062,88.30265045166016,88.3178939819336,88.33206176757812,30.0
89,91.27474975585938,88.05712890625,88.1430892944336,88.16610717773438,88.18855285644531,88.21009063720703,88.23066711425781,88.2502670288086,88.26880645751953,88.28628540039062,88.30265045166016,88.3178939819336,88.33206176757812,10.0
90,90.77653503417969,87.93262481689453,88.01575469970703,88.03691101074219,88.05773162841797,88.07771301269531,88.09683990478516,88.11506652832031,88.13233947753906,88.14863586425781,88.16389465332031,88.1781234741211,88.19136810302734,143.0
91,90.77653503417969,87.93262481689453,88.01575469970703,88.03691101074219,88.05773162841797,88.07771301269531,88.09683990478516,88.11506652832031,88.13233947753906,88.14863586425781,88.16389465332031,88.1781234741211,88.19136810302734,123.0
92,90.77653503417969,87.93262481689453,88.01575469970703,88.03691101074219,88.05773162841797,88.07771301269531,88.09683990478516,88.11506652832031,88.13233947753906,88.14863586425781,88.16389465332031,88.1781234741211,88.19136810302734,103.0
93,90.77653503417969,87.93262481689453,88.01575469970703,88.03691101074219,88.05773162841797,88.07771301269531,88.09683990478516,88.11506652832031,88.13233947753906,88.14863586425781,88.16389465332031,88.1781234741211,88.19136810302734,83.0
94,90.77653503417969,87.93262481689453,88.01575469970703,88.03691101074219,88.05773162841797,88.07771301269531,88.09683990478516,88.11506652832031,88.13233947753906,88.14863586425781,88.16389465332031,88.1781234741211,88.19136810302734,63.0
95,90.77653503417969,87.93262481689453,88.01575469970703,88.03691101074219,88.05773162841797,88.07771301269531,88.09683990478516,88.11506652832031,88.13233947753906,88.14863586425781,88.16389465332031,88.1781234741211,88.19136810302734,43.0
96,90.77653503417969,87.93262481689453,88.01575469970703,88.03691101074219,88.05773162841797,88.07771301269531,88.09683990478516,88.11506652832031,88.13233947753906,88.14863586425781,88.16389465332031,88.1781234741211,88.19136810302734,23.0
97,90.77653503417969,87.93262481689453,88.01575469970703,88.03691101074219,88.05773162841797,88.07771301269531,88.09683990478516,88.11506652832031,88.13233947753906,88.14863586425781,88.16389465332031,88.1781234741211,88.19136810302734,3.0
98,90.77653503417969,87.93262481689453,88.01575469970703,88.03691101074219,88.05773162841797,88.07771301269531,88.09683990478516,88.11506652832031,88.13233947753906,88.14863586425781,88.16389465332031,88.1781234741211,88.19136810302734,150.0
99,90.77653503417969,87.93262481689453,88.01575469970703,88.03691101074219,88.05773162841797,88.07771301269531,88.09683990478516,88.11506652832031,88.13233947753906,88.14863586425781,88.16389465332031,88.1781234741211,88.19136810302734,140.0
100,90.2796630859375,87.81306457519531,87.89251708984375,87.91175842285156,87.93084716796875,87.94921112060547,87.96680450439453,87.98358917236328,87.99951934814453,88.01456451416016,88.02867126464844,88.04183197021484,88.05408477783203,120.0
101,90.2796630859375,87.81306457519531,87.89251708984375,87.91175842285156,87.93084716796875,87.94921112060547,87.96680450439453,87.98358917236328,87.99951934814453,88.01456451416016,88.02867126464844,88.04183197021484,88.05408477783203,100.0
102,90.2796630859375,87.81306457519531,87.89251708984375,87.91175842285156,87.93084716796875,87.94921112060547,87.96680450439453,87.98358917236328,87.99951934814453,88.01456451416016,88.02867126464844,88.04183197021484,88.05408477783203,80.0
103,90.2796630859375,87.81306457519531,87.89251708984375,87.91175842285156,87.93084716796875,87.94921112060547,87.96680450439453,87.98358917236328,87.99951934814453,88.01456451416016,88.02867126464844,88.04183197021484,88.05408477783203,60.0
104,90.2796630859375,87.81306457519531,87.89251708984375,87.91175842285156,87.93084716796875,87.94921112060547,87.96680450439453,87.98358917236328,87.99951934814453,88.01456451416016,88.02867126464844,88.04183197021484,88.05408477783203,40.0
105,90.2796630859375,87.81306457519531,87.89251708984375,87.91175842285156,87.93084716796875,87.94921112060547,87.96680450439453,87.98358917236328,87.99951934814453,88.01456451416016,88.02867126464844,88.04183197021484,88.05408477783203,20.0
106,90.2796630859375,87.81306457519531,87.89251708984375,87.91175842285156,87.93084716796875,87.94921112060547,87.96680450439453,87.98358917236328,87.99951934814453,88.01456451416016,88.02867126464844,88.04183197021484,88.05408477783203,0.0
107,90.2796630859375,87.81306457519531,87.89251708984375,87.91175842285156,87.93084716796875,87.94921112060547,87.96680450439453,87.98358917236328,87.99951934814453,88.01456451416016,88.02867126464844,88.04183197021484,88.05408477783203,150.0
108,90.2796630859375,87.81306457519531,87.89251708984375,87.91175842285156,87.93084716796875,87.94921112060547,87.96680450439453,87.98358917236328,87.99951934814453,88.01456451416016,88.02867126464844,88.04183197021484,88.05408477783203,150.0
109,90.2796630859375,87.81306457519531,87.89251708984375,87.91175842285156,87.93084716796875,87.94921112060547,87.96680450439453,87.98358917236328,87.99951934814453,88.01456451416016,88.02867126464844,88.04183197021484,88.05408477783203,147.0
110,89.78125,87.68978118896484,87.76486206054688,87.78219604492188,87.799560546875,87.81627655029297,87.83232879638672,87.84766387939453,87.86222839355469,87.87600708007812,87.88893127441406,87.9010238647461,87.91226959228516,127.0
111,89.78125,87.68978118896484,87.76486206054688,87.78219604492188,87.799560546875,87.81627655029297,87.83232879638672,87.84766387939453,87.86222839355469,87.87600708007812,87.88893127441406,87.9010238647461,87.91226959228516,107.0
112,89.78125,87.68978118896484,87.76486206054688,87.78219604492188,87.799560546875,87.81627655029297,87.83232879638672,87.84766387939453,87.86222839355469,87.87600708007812,87.88893127441406,87.9010238647461,87.91226959228516,87.0
113,89.78125,87.68978118896484,87.76486206054688,87.78219604492188,87.799560546875,87.81627655029297,87.83232879638672,87.84766387939453,87.86222839355469,87.87600708007812,87.88893127441406,87.9010238647461,87.91226959228516,67.0
114,89.78125,87.68978118896484,87.76486206054688,87.78219604492188,87.799560546875,87.81627655029297,87.83232879638672,87.84766387939453,87.86222839355469,87.87600708007812,87.88893127441406,87.9010238647461,87.91226959228516,47.0
115,89.78125,87.68978118896484,87.76486206054688,87.78219604492188,87.799560546875,87.81627655029297,87.83232879638672,87.84766387939453,87.86222839355469,87.87600708007812,87.88893127441406,87.9010238647461,87.91226959228516,27.0
116,89.78125,87.68978118896484,87.76486206054688,87.78219604492188,87.799560546875,87.81627655029297,87.83232879638672,87.84766387939453,87.86222839355469,87.87600708007812,87.88893127441406,87.9010238647461,87.91226959228516,7.0
117,89.78125,87.68978118896484,87.76486206054688,87.78219604492188,87.799560546875,87.81627655029297,87.83232879638672,87.84766387939453,87.86222839355469,87.87600708007812,87.88893127441406,87.9010238647461,87.91226959228516,150.0
118,89.78125,87.68978118896484,87.76486206054688,87.78219604492188,87.799560546875,87.81627655029297,87.83232879638672,87.84766387939453,87.86222839355469,87.87600708007812,87.88893127441406,87.9010238647461,87.91226959228516,150.0
119,89.78125,87.68978118896484,87.76486206054688,87.78219604492188,87.799560546875,87.81627655029297,87.83232879638672,87.84766387939453,87.86222839355469,87.87600708007812,87.88893127441406,87.9010238647461,87.91226959228516,149.0
120,89.3626708984375,87.63685607910156,87.70667266845703,87.72176361083984,87.73704528808594,87.75179290771484,87.7659912109375,87.77957916259766,87.79251098632812,87.80477142333984,87.8162841796875,87.82705688476562,87.83709716796875,129.0
121,89.3626708984375,87.63685607910156,87.70667266845703,87.72176361083984,87.73704528808594,87.75179290771484,87.7659912109375,87.77957916259766,87.79251098632812,87.80477142333984,87.8162841796875,87.82705688476562,87.83709716796875,109.0
122,89.3626708984375,87.63685607910156,87.70667266845703,87.72176361083984,87.73704528808594,87.75179290771484,87.7659912109375,87.77957916259766,87.79251098632812,87.80477142333984,87.8162841796875,87.82705688476562,87.83709716796875,89.0
123,89.3626708984375,87.63685607910156,87.70667266845703,87.72176361083984,87.73704528808594,87.75179290771484,87.7659912109375,87.77957916259766,87.79251098632812,87.80477142333984,87.8162841796875,87.82705688476562,87.83709716796875,69.0
124,89.3626708984375,87.63685607910156,87.70667266845703,87.72176361083984,87.73704528808594,87.75179290771484,87.7659912109375,87.77957916259766,87.79251098632812,87.80477142333984,87.8162841796875,87.82705688476562,87.83709716796875,49.0
125,89.3626708984375,87.63685607910156,87.70667266845703,87.72176361083984,87.73704528808594,87.75179290771484,87.7659912109375,87.77957916259766,87.79251098632812,87.80477142333984,87.8162841796875,87.82705688476562,87.83709716796875,29.0
126,89.3626708984375,87.63685607910156,87.70667266845703,87.72176361083984,87.73704528808594,87.75179290771484,87.7659912109375,87.77957916259766,87.79251098632812,87.80477142333984,87.8162841796875,87.82705688476562,87.83709716796875,9.0
127,89.3626708984375,87.63685607910156,87.70667266845703,87.72176361083984,87.73704528808594,87.75179290771484,87.7659912109375,87.77957916259766,87.79251098632812,87.80477142333984,87.8162841796875,87.82705688476562,87.83709716796875,150.0
128,89.3626708984375,87.63685607910156,87.70667266845703,87.72176361083984,87.73704528808594,87.75179290771484,87.7659912109375,87.77957916259766,87.79251098632812,87.80477142333984,87.8162841796875,87.82705688476562,87.83709716796875,150.0
129,89.3626708984375,87.63685607910156,87.70667266845703,87.72176361083984,87.73704528808594,87.75179290771484,87.7659912109375,87.77957916259766,87.79251098632812,87.80477142333984,87.8162841796875,87.82705688476562,87.83709716796875,135.0
130,89.02162170410156,87.64800262451172,87.71179962158203,87.72434997558594,87.73726654052734,87.74977111816406,87.76185607910156,87.77345275878906,87.78453063964844,87.7950439453125,87.80493927001953,87.81422424316406,87.82288360595703,115.0
131,89.02162170410156,87.64800262451172,87.71179962158203,87.72434997558594,87.73726654052734,87.74977111816406,87.76185607910156,87.77345275878906,87.78453063964844,87.7950439453125,87.80493927001953,87.81422424316406,87.82288360595703,95.0
132,89.02162170410156,87.64800262451172,87.71179962158203,87.72434997558594,87.73726654052734,87.74977111816406,87.76185607910156,87.77345275878906,87.78453063964844,87.7950439453125,87.80493927001953,87.81422424316406,87.82288360595703,75.0
133,89.02162170410156,87.64800262451172,87.71179962158203,87.72434997558594,87.73726654052734,87.74977111816406,87.76185607910156,87.77345275878906,87.78453063964844,87.7950439453125,87.80493927001953,87.81422424316406,87.82288360595703,55.0
134,89.02162170410156,87.64800262451172,87.71179962158203,87.72434997558594,87.73726654052734,87.74977111816406,87.76185607910156,87.77345275878906,87.78453063964844,87.7950439453125,87.80493927001953,87.81422424316406,87.82288360595703,35.0
135,89.02162170410156,87.64800262451172,87.71179962158203,87.72434997558594,87.73726654052734,87.74977111816406,87.76185607910156,87.77345275878906,87.78453063964844,87.7950439453125,87.80493927001953,87.81422424316406,87.82288360595703,15.0
136,89.02162170410156,87.64800262451172,87.71179962158203,87.72434997558594,87.73726654052734,87.74977111816406,87.76185607910156,87.77345275878906,87.78453063964844,87.7950439453125,87.80493927001953,87.81422424316406,87.82288360595703,138.0
137,89.02162170410156,87.64800262451172,87.71179962158203,87.72434997558594,87.73726654052734,87.74977111816406,87.76185607910156,87.77345275878906,87.78453063964844,87.7950439453125,87.80493927001953,87.81422424316406,87.82288360595703,118.0
138,89.02162170410156,87.64800262451172,87.71179962158203,87.72434997558594,87.73726654052734,87.74977111816406,87.76185607910156,87.77345275878906,87.78453063964844,87.7950439453125,87.80493927001953,87.81422424316406,87.82288360595703,98.0
139,89.02162170410156,87.64800262451172,87.71179962158203,87.72434997558594,87.73726654052734,87.74977111816406,87.76185607910156,87.77345275878906,87.78453063964844,87.7950439453125,87.80493927001953,87.81422424316406,87.82288360595703,78.0
140,88.61688995361328,87.58110046386719,87.63896179199219,87.64945220947266,87.66045379638672,87.67112731933594,87.6814956665039,87.69145965576172,87.70101165771484,87.71009063720703,87.71865844726562,87.72672271728516,87.73423767089844,58.0
141,88.61688995361328,87.58110046386719,87.63896179199219,87.64945220947266,87.66045379638672,87.67112731933594,87.6814956665039,87.69145965576172,87.70101165771484,87.71009063720703,87.71865844726562,87.72672271728516,87.73423767089844,38.0
142,88.61688995361328,87.58110046386719,87.63896179199219,87.64945220947266,87.66045379638672,87.67112731933594,87.6814956665039,87.69145965576172,87.70101165771484,87.71009063720703,87.71865844726562,87.72672271728516,87.73423767089844,18.0
143,88.61688995361328,87.58110046386719,87.63896179199219,87.64945220947266,87.66045379638672,87.67112731933594,87.6814956665039,87.69145965576172,87.70101165771484,87.71009063720703,87.71865844726562,87.72672271728516,87.73423767089844,150.0
144,88.61688995361328,87.58110046386719,87.63896179199219,87.64945220947266,87.66045379638672,87.67112731933594,87.6814956665039,87.69145965576172,87.70101165771484,87.71009063720703,87.71865844726562,87.72672271728516,87.73423767089844,150.0
145,88.61688995361328,87.58110046386719,87.63896179199219,87.64945220947266,87.66045379638672,87.67112731933594,87.6814956665039,87.69145965576172,87.70101165771484,87.71009063720703,87.71865844726562,87.72672271728516,87.73423767089844,135.0
146,88.61688995361328,87.58110046386719,87.63896179199219,87.64945220947266,87.66045379638672,87.67112731933594,87.6814956665039,87.69145965576172,87.70101165771484,87.71009063720703,87.71865844726562,87.72672271728516,87.73423767089844,115.0
147,88.61688995361328,87.58110046386719,87.63896179199219,87.64945220947266,87.66045379638672,87.67112731933594,87.6814956665039,87.69145965576172,87.70101165771484,87.71009063720703,87.71865844726562,87.72672271728516,87.73423767089844,95.0
148,88.61688995361328,87.58110046386719,87.63896179199219,87.64945220947266,87.66045379638672,87.67112731933594,87.6814956665039,87.69145965576172,87.70101165771484,87.71009063720703,87.71865844726562,87.72672271728516,87.73423767089844,75.0
149,88.61688995361328,87.58110046386719,87.63896179199219,87.64945220947266,87.66045379638672,87.67112731933594,87.6814956665039,87.69145965576172,87.70101165771484,87.71009063720703,87.71865844726562,87.72672271728516,87.73423767089844,55.0
150,88.25714874267578,87.53951263427734,87.59112548828125,87.59952545166016,87.60855102539062,87.61735534667969,87.62593841552734,87.63423156738281,87.6422119140625,87.64982604980469,87.65702819824219,87.663818359375,87.67017364501953,35.0
151,88.25714874267578,87.53951263427734,87.59112548828125,87.59952545166016,87.60855102539062,87.61735534667969,87.62593841552734,87.63423156738281,87.6422119140625,87.64982604980469,87.65702819824219,87.663818359375,87.67017364501953,15.0
152,88.25714874267578,87.53951263427734,87.59112548828125,87.59952545166016,87.60855102539062,87.61735534667969,87.62593841552734,87.63423156738281,87.6422119140625,87.64982604980469,87.65702819824219,87.663818359375,87.67017364501953,150.0
153,88.25714874267578,87.53951263427734,87.59112548828125,87.59952545166016,87.60855102539062,87.61735534667969,87.62593841552734,87.63423156738281,87.6422119140625,87.64982604980469,87.65702819824219,87.663818359375,87.67017364501953,150.0
154,88.25714874267578,87.53951263427734,87.59112548828125,87.59952545166016,87.60855102539062,87.61735534667969,87.62593841552734,87.63423156738281,87.6422119140625,87.64982604980469,87.65702819824219,87.663818359375,87.67017364501953,142.0
155,88.25714874267578,87.53951263427734,87.59112548828125,87.59952545166016,87.60855102539062,87.61735534667969,87.62593841552734,87.63423156738281,87.6422119140625,87.64982604980469,87.65702819824219,87.663818359375,87.67017364501953,122.0
156,88.25714874267578,87.53951263427734,87.59112548828125,87.59952545166016,87.60855102539062,87.61735534667969,87.62593841552734,87.63423156738281,87.6422119140625,87.64982604980469,87.65702819824219,87.663818359375,87.67017364501953,102.0
157,88.25714874267578,87.53951263427734,87.59112548828125,87.59952545166016,87.60855102539062,87.61735534667969,87.62593841552734,87.63423156738281,87.6422119140625,87.64982604980469,87.65702819824219,87.663818359375,87.67017364501953,82.0
158,88.25714874267578,87.53951263427734,87.59112548828125,87.59952545166016,87.60855102539062,87.61735534667969,87.62593841552734,87.63423156738281,87.6422119140625,87.64982604980469,87.65702819824219,87.663818359375,87.67017364501953,62.0
159,88.25714874267578,87.53951263427734,87.59112548828125,87.59952545166016,87.60855102539062,87.61735534667969,87.62593841552734,87.63423156738281,87.6422119140625,87.64982604980469,87.65702819824219,87.663818359375,87.67017364501953,42.0
160,87.96154022216797,87.53963470458984,87.58470916748047,87.59091186523438,87.59786224365234,87.60469055175781,87.61140441894531,87.61792755126953,87.62423706054688,87.63029479980469,87.63605499267578,87.64149475097656,87.64661407470703,22.0
161,87.96154022216797,87.53963470458984,87.58470916748047,87.59091186523438,87.59786224365234,87.60469055175781,87.61140441894531,87.61792755126953,87.62423706054688,87.63029479980469,87.63605499267578,87.64149475097656,87.64661407470703,2.0
162,87.96154022216797,87.53963470458984,87.58470916748047,87.59091186523438,87.59786224365234,87.60469055175781,87.61140441894531,87.61792755126953,87.62423706054688,87.63029479980469,87.63605499267578,87.64149475097656,87.64661407470703,148.0
163,87.96154022216797,87.53963470458984,87.58470916748047,87.59091186523438,87.59786224365234,87.60469055175781,87.61140441894531,87.61792755126953,87.62423706054688,87.63029479980469,87.63605499267578,87.64149475097656,87.64661407470703,128.0
164,87.96154022216797,87.53963470458984,87.58470916748047,87.59091186523438,87.59786224365234,87.60469055175781,87.61140441894531,87.61792755126953,87.62423706054688,87.63029479980469,87.63605499267578,87.64149475097656,87.64661407470703,108.0
165,87.96154022216797,87.53963470458984,87.58470916748047,87.59091186523438,87.59786224365234,87.60469055175781,87.61140441894531,87.61792755126953,87.62423706054688,87.63029479980469,87.63605499267578,87.64149475097656,87.64661407470703,88.0
166,87.96154022216797,87.53963470458984,87.58470916748047,87.59091186523438,87.59786224365234,87.60469055175781,87.61140441894531,87.61792755126953,87.62423706054688,87.63029479980469,87.63605499267578,87.64149475097656,87.64661407470703,68.0
167,87.96154022216797,87.53963470458984,87.58470916748047,87.59091186523438,87.59786224365234,87.60469055175781,87.61140441894531,87.61792755126953,87.62423706054688,87.63029479980469,87.63605499267578,87.64149475097656,87.64661407470703,48.0
168,87.96154022216797,87.53963470458984,87.58470916748047,87.59091186523438,87.59786224365234,87.60469055175781,87.61140441894531,87.61792755126953,87.62423706054688,87.63029479980469,87.63605499267578,87.64149475097656,87.64661407470703,28.0
169,87.96154022216797,87.53963470458984,87.58470916748047,87.59091186523438,87.59786224365234,87.60469055175781,87.61140441894531,87.61792755126953,87.62423706054688,87.63029479980469,87.63605499267578,87.64149475097656,87.64661407470703,8.0
170,87.36579132080078,87.21894836425781,87.25917053222656,87.26499938964844,87.27156829833984,87.27802276611328,87.28437042236328,87.29054260253906,87.29650115966797,87.30223083496094,87.30767059326172,87.31282806396484,87.31767272949219,127.0
171,87.36579132080078,87.21894836425781,87.25917053222656,87.26499938964844,87.27156829833984,87.27802276611328,87.28437042236328,87.29054260253906,87.29650115966797,87.30223083496094,87.30767059326172,87.31282806396484,87.31767272949219,107.0
172,87.36579132080078,87.21894836425781,87.25917053222656,87.26499938964844,87.27156829833984,87.27802276611328,87.28437042236328,87.29054260253906,87.29650115966797,87.30223083496094,87.30767059326172,87.31282806396484,87.31767272949219,87.0
173,87.36579132080078,87.21894836425781,87.25917053222656,87.26499938964844,87.27156829833984,87.27802276611328,87.28437042236328,87.29054260253906,87.29650115966797,87.30223083496094,87.30767059326172,87.31282806396484,87.31767272949219,67.0
174,87.36579132080078,87.21894836425781,87.25917053222656,87.26499938964844,87.27156829833984,87.27802276611328,87.28437042236328,87.29054260253906,87.29650115966797,87.30223083496094,87.30767059326172,87.31282806396484,87.31767272949219,47.0
175,87.36579132080078,87.21894836425781,87.25917053222656,87.26499938964844,87.27156829833984,87.27802276611328,87.28437042236328,87.29054260253906,87.29650115966797,87.30223083496094,87.30767059326172,87.31282806396484,87.31767272949219,27.0
176,87.36579132080078,87.21894836425781,87.25917053222656,87.26499938964844,87.27156829833984,87.27802276611328,87.28437042236328,87.29054260253906,87.29650115966797,87.30223083496094,87.30767059326172,87.31282806396484,87.31767272949219,7.0
177,87.36579132080078,87.21894836425781,87.25917053222656,87.26499938964844,87.27156829833984,87.27802276611328,87.28437042236328,87.29054260253906,87.29650115966797,87.30223083496094,87.30767059326172,87.31282806396484,87.31767272949219,150.0
178,87.36579132080078,87.21894836425781,87.25917053222656,87.26499938964844,87.27156829833984,87.27802276611328,87.28437042236328,87.29054260253906,87.29650115966797,87.30223083496094,87.30767059326172,87.31282806396484,87.31767272949219,150.0
179,87.36579132080078,87.21894836425781,87.25917053222656,87.26499938964844,87.27156829833984,87.27802276611328,87.28437042236328,87.29054260253906,87.29650115966797,87.30223083496094,87.30767059326172,87.31282806396484,87.31767272949219,150.0
180,86.8950424194336,86.99645233154297,87.03141021728516,87.03648376464844,87.04229736328125,87.04802703857422,87.05366516113281,87.05916595458984,87.06448364257812,87.06961059570312,87.07447814941406,87.07910919189453,87.08345031738281,150.0
181,86.8950424194336,86.99645233154297,87.03141021728516,87.03648376464844,87.04229736328125,87.04802703857422,87.05366516113281,87.05916595458984,87.06448364257812,87.06961059570312,87.07447814941406,87.07910919189453,87.08345031738281,130.0
182,86.8950424194336,86.99645233154297,87.03141021728516,87.03648376464844,87.04229736328125,87.04802703857422,87.05366516113281,87.05916595458984,87.06448364257812,87.06961059570312,87.07447814941406,87.07910919189453,87.08345031738281,110.0
183,86.8950424194336,86.99645233154297,87.03141021728516,87.03648376464844,87.04229736328125,87.04802703857422,87.05366516113281,87.05916595458984,87.06448364257812,87.06961059570312,87.07447814941406,87.07910919189453,87.08345031738281,90.0
184,86.8950424194336,86.99645233154297,87.03141021728516,87.03648376464844,87.04229736328125,87.04802703857422,87.05366516113281,87.05916595458984,87.06448364257812,87.06961059570312,87.07447814941406,87.07910919189453,87.08345031738281,70.0
185,86.8950424194336,86.99645233154297,87.03141021728516,87.03648376464844,87.04229736328125,87.04802703857422,87.05366516113281,87.05916595458984,87.06448364257812,87.06961059570312,87.07447814941406,87.07910919189453,87.08345031738281,50.0
186,86.8950424194336,86.99645233154297,87.03141021728516,87.03648376464844,87.04229736328125,87.04802703857422,87.05366516113281,87.05916595458984,87.06448364257812,87.06961059570312,87.07447814941406,87.07910919189453,87.08345031738281,30.0
187,86.8950424194336,86.99645233154297,87.03141021728516,87.03648376464844,87.04229736328125,87.04802703857422,87.05366516113281,87.05916595458984,87.06448364257812,87.06961059570312,87.07447814941406,87.07910919189453,87.08345031738281,150.0
188,86.8950424194336,86.99645233154297,87.03141021728516,87.03648376464844,87.04229736328125,87.04802703857422,87.05366516113281,87.05916595458984,87.06448364257812,87.06961059570312,87.07447814941406,87.07910919189453,87.08345031738281,150.0
189,86.8950424194336,86.99645233154297,87.03141021728516,87.03648376464844,87.04229736328125,87.04802703857422,87.05366516113281,87.05916595458984,87.06448364257812,87.06961059570312,87.07447814941406,87.07910919189453,87.08345031738281,139.0
190,86.75495147705078,87.07606506347656,87.10432434082031,87.107177734375,87.11084747314453,87.11454772949219,87.11825561523438,87.1219253540039,87.12553405761719,87.12903594970703,87.13240051269531,87.1356430053711,87.13870239257812,119.0
191,86.75495147705078,87.07606506347656,87.10432434082031,87.107177734375,87.11084747314453,87.11454772949219,87.11825561523438,87.1219253540039,87.12553405761719,87.12903594970703,87.13240051269531,87.1356430053711,87.13870239257812,99.0
192,86.75495147705078,87.07606506347656,87.10432434082031,87.107177734375,87.11084747314453,87.11454772949219,87.11825561523438,87.1219253540039,87.12553405761719,87.12903594970703,87.13240051269531,87.1356430053711,87.13870239257812,79.0
193,86.75495147705078,87.07606506347656,87.10432434082031,87.107177734375,87.11084747314453,87.11454772949219,87.11825561523438,87.1219253540039,87.12553405761719,87.12903594970703,87.13240051269531,87.1356430053711,87.13870239257812,59.0
194,86.75495147705078,87.07606506347656,87.10432434082031,87.107177734375,87.11084747314453,87.11454772949219,87.11825561523438,87.1219253540039,87.12553405761719,87.12903594970703,87.13240051269531,87.1356430053711,87.13870239257812,39.0
195,86.75495147705078,87.07606506347656,87.10432434082031,87.107177734375,87.11084747314453,87.11454772949219,87.11825561523438,87.1219253540039,87.12553405761719,87.12903594970703,87.13240051269531,87.1356430053711,87.13870239257812,19.0
196,86.75495147705078,87.07606506347656,87.10432434082031,87.107177734375,87.11084747314453,87.11454772949219,87.11825561523438,87.1219253540039,87.12553405761719,87.12903594970703,87.13240051269531,87.1356430053711,87.13870239257812,136.0
197,86.75495147705078,87.07606506347656,87.10432434082031,87.107177734375,87.11084747314453,87.11454772949219,87.11825561523438,87.1219253540039,87.12553405761719,87.12903594970703,87.13240051269531,87.1356430053711,87.13870239257812,116.0
198,86.75495147705078,87.07606506347656,87.10432434082031,87.107177734375,87.11084747314453,87.11454772949219,87.11825561523438,87.1219253540039,87.12553405761719,87.12903594970703,87.13240051269531,87.1356430053711,87.13870239257812,96.0
199,86.75495147705078,87.07606506347656,87.10432434082031,87.107177734375,87.11084747314453,87.11454772949219,87.11825561523438,87.1219253540039,87.12553405761719,87.12903594970703,87.13240051269531,87.1356430053711,87.13870239257812,76.0
200,86.587158203125,87.10166931152344,87.12374114990234,87.12480163574219,87.12672424316406,87.1287612915039,87.1308822631836,87.13304901123047,87.13522338867188,87.13741302490234,87.13953399658203,87.14161682128906,87.14360809326172,56.0
201,86.587158203125,87.10166931152344,87.12374114990234,87.12480163574219,87.12672424316406,87.1287612915039,87.1308822631836,87.13304901123047,87.13522338867188,87.13741302490234,87.13953399658203,87.14161682128906,87.14360809326172,36.0
202,86.587158203125,87.10166931152344,87.12374114990234,87.12480163574219,87.12672424316406,87.1287612915039,87.1308822631836,87.13304901123047,87.13522338867188,87.13741302490234,87.13953399658203,87.14161682128906,87.14360809326172,16.0
203,86.587158203125,87.10166931152344,87.12374114990234,87.12480163574219,87.12672424316406,87.1287612915039,87.1308822631836,87.13304901123047,87.13522338867188,87.13741302490234,87.13953399658203,87.14161682128906,87.14360809326172,145.0
204,86.587158203125,87.10166931152344,87.12374114990234,87.12480163574219,87.12672424316406,87.1287612915039,87.1308822631836,87.13304901123047,87.13522338867188,87.13741302490234,87.13953399658203,87.14161682128906,87.14360809326172,125.0
205,86.587158203125,87.10166931152344,87.12374114990234,87.12480163574219,87.12672424316406,87.1287612915039,87.1308822631836,87.13304901123047,87.13522338867188,87.13741302490234,87.13953399658203,87.14161682128906,87.14360809326172,105.0
206,86.587158203125,87.10166931152344,87.12374114990234,87.12480163574219,87.12672424316406,87.1287612915039,87.1308822631836,87.13304901123047,87.13522338867188,87.13741302490234,87.13953399658203,87.14161682128906,87.14360809326172,85.0
207,86.587158203125,87.10166931152344,87.12374114990234,87.12480163574219,87.12672424316406,87.1287612915039,87.1308822631836,87.13304901123047,87.13522338867188,87.13741302490234,87.13953399658203,87.14161682128906,87.14360809326172,65.0
208,86.587158203125,87.10166931152344,87.12374114990234,87.12480163574219,87.12672424316406,87.1287612915039,87.1308822631836,87.13304901123047,87.13522338867188,87.13741302490234,87.13953399658203,87.14161682128906,87.14360809326172,45.0
209,86.587158203125,87.10166931152344,87.12374114990234,87.12480163574219,87.12672424316406,87.1287612915039,87.1308822631836,87.13304901123047,87.13522338867188,87.13741302490234,87.13953399658203,87.14161682128906,87.14360809326172,25.0
210,86.20659637451172,86.88835906982422,86.90583038330078,86.90650939941406,86.90802001953125,86.90962219238281,86.91133880615234,86.91310119628906,86.91488647460938,86.91668701171875,86.91845703125,86.92019653320312,86.92188262939453,5.0
211,86.20659637451172,86.88835906982422,86.90583038330078,86.90650939941406,86.90802001953125,86.90962219238281,86.91133880615234,86.91310119628906,86.91488647460938,86.91668701171875,86.91845703125,86.92019653320312,86.92188262939453,143.0
212,86.20659637451172,86.88835906982422,86.90583038330078,86.90650939941406,86.90802001953125,86.90962219238281,86.91133880615234,86.91310119628906,86.91488647460938,86.91668701171875,86.91845703125,86.92019653320312,86.92188262939453,123.0
213,86.20659637451172,86.88835906982422,86.90583038330078,86.90650939941406,86.90802001953125,86.90962219238281,86.91133880615234,86.91310119628906,86.91488647460938,86.91668701171875,86.91845703125,86.92019653320312,86.92188262939453,103.0
214,86.20659637451172,86.88835906982422,86.90583038330078,86.90650939941406,86.90802001953125,86.90962219238281,86.91133880615234,86.91310119628906,86.91488647460938,86.91668701171875,86.91845703125,86.92019653320312,86.92188262939453,83.0
215,86.20659637451172,86.88835906982422,86.90583038330078,86.90650939941406,86.90802001953125,86.90962219238281,86.91133880615234,86.91310119628906,86.91488647460938,86.91668701171875,86.91845703125,86.92019653320312,86.92188262939453,63.0
216,86.20659637451172,86.88835906982422,86.90583038330078,86.90650939941406,86.90802001953125,86.90962219238281,86.91133880615234,86.91310119628906,86.91488647460938,86.91668701171875,86.91845703125,86.92019653320312,86.92188262939453,43.0
217,86.20659637451172,86.88835906982422,86.90583038330078,86.90650939941406,86.90802001953125,86.90962219238281,86.91133880615234,86.91310119628906,86.91488647460938,86.91668701171875,86.91845703125,86.92019653320312,86.92188262939453,23.0
218,86.20659637451172,86.88835906982422,86.90583038330078,86.90650939941406,86.90802001953125,86.90962219238281,86.91133880615234,86.91310119628906,86.91488647460938,86.91668701171875,86.91845703125,86.92019653320312,86.92188262939453,3.0
219,86.20659637451172,86.88835906982422,86.90583038330078,86.90650939941406,86.90802001953125,86.90962219238281,86.91133880615234,86.91310119628906,86.91488647460938,86.91668701171875,86.91845703125,86.92019653320312,86.92188262939453,150.0
220,85.69171905517578,86.5142593383789,86.52833557128906,86.52962493896484,86.5316390991211,86.53370666503906,86.53582763671875,86.53795623779297,86.54006958007812,86.54216003417969,86.544189453125,86.5461654663086,86.54806518554688,150.0
221,85.69171905517578,86.5142593383789,86.52833557128906,86.52962493896484,86.5316390991211,86.53370666503906,86.53582763671875,86.53795623779297,86.54006958007812,86.54216003417969,86.544189453125,86.5461654663086,86.54806518554688,134.0
222,85.69171905517578,86.5142593383789,86.52833557128906,86.52962493896484,86.5316390991211,86.53370666503906,86.53582763671875,86.53795623779297,86.54006958007812,86.54216003417969,86.544189453125,86.5461654663086,86.54806518554688,114.0
223,85.69171905517578,86.5142593383789,86.52833557128906,86.52962493896484,86.5316390991211,86.53370666503906,86.53582763671875,86.53795623779297,86.54006958007812,86.54216003417969,86.544189453125,86.5461654663086,86.54806518554688,94.0
224,85.69171905517578,86.5142593383789,86.52833557128906,86.52962493896484,86.5316390991211,86.53370666503906,86.53582763671875,86.53795623779297,86.54006958007812,86.54216003417969,86.544189453125,86.5461654663086,86.54806518554688,74.0
225,85.69171905517578,86.5142593383789,86.52833557128906,86.52962493896484,86.5316390991211,86.53370666503906,86.53582763671875,86.53795623779297,86.54006958007812,86.54216003417969,86.544189453125,86.5461654663086,86.54806518554688,54.0
226,85.69171905517578,86.5142593383789,86.52833557128906,86.52962493896484,86.5316390991211,86.53370666503906,86.53582763671875,86.53795623779297,86.54006958007812,86.54216003417969,86.544189453125,86.5461654663086,86.54806518554688,34.0
227,85.69171905517578,86.5142593383789,86.52833557128906,86.52962493896484,86.5316390991211,86.53370666503906,86.53582763671875,86.53795623779297,86.54006958007812,86.54216003417969,86.544189453125,86.5461654663086,86.54806518554688,14.0
228,85.69171905517578,86.5142593383789,86.52833557128906,86.52962493896484,86.5316390991211,86.53370666503906,86.53582763671875,86.53795623779297,86.54006958007812,86.54216003417969,86.544189453125,86.5461654663086,86.54806518554688,150.0
229,85.69171905517578,86.5142593383789,86.52833557128906,86.52962493896484,86.5316390991211,86.53370666503906,86.53582763671875,86.53795623779297,86.54006958007812,86.54216003417969,86.544189453125,86.5461654663086,86.54806518554688,150.0
230,85.38459014892578,86.3218994140625,86.33195495605469,86.33302307128906,86.33474731445312,86.3365249633789,86.33834838867188,86.34017944335938,86.34201049804688,86.34381103515625,86.3455810546875,86.34729766845703,86.34895324707031,150.0
231,85.38459014892578,86.3218994140625,86.33195495605469,86.33302307128906,86.33474731445312,86.3365249633789,86.33834838867188,86.34017944335938,86.34201049804688,86.34381103515625,86.3455810546875,86.34729766845703,86.34895324707031,150.0
232,85.38459014892578,86.3218994140625,86.33195495605469,86.33302307128906,86.33474731445312,86.3365249633789,86.33834838867188,86.34017944335938,86.34201049804688,86.34381103515625,86.3455810546875,86.34729766845703,86.34895324707031,134.0
233,85.38459014892578,86.3218994140625,86.33195495605469,86.33302307128906,86.33474731445312,86.3365249633789,86.33834838867188,86.34017944335938,86.34201049804688,86.34381103515625,86.3455810546875,86.34729766845703,86.34895324707031,114.0
234,85.38459014892578,86.3218994140625,86.33195495605469,86.33302307128906,86.33474731445312,86.3365249633789,86.33834838867188,86.34017944335938,86.34201049804688,86.34381103515625,86.3455810546875,86.34729766845703,86.34895324707031,94.0
235,85.38459014892578,86.3218994140625,86.33195495605469,86.33302307128906,86.33474731445312,86.3365249633789,86.33834838867188,86.34017944335938,86.34201049804688,86.34381103515625,86.3455810546875,86.34729766845703,86.34895324707031,74.0
236,85.38459014892578,86.3218994140625,86.33195495605469,86.33302307128906,86.33474731445312,86.3365249633789,86.33834838867188,86.34017944335938,86.34201049804688,86.34381103515625,86.3455810546875,86.34729766845703,86.34895324707031,54.0
237,85.38459014892578,86.3218994140625,86.33195495605469,86.33302307128906,86.33474731445312,86.3365249633789,86.33834838867188,86.34017944335938,86.34201049804688,86.34381103515625,86.3455810546875,86.34729766845703,86.34895324707031,34.0
238,85.38459014892578,86.3218994140625,86.33195495605469,86.33302307128906,86.33474731445312,86.3365249633789,86.33834838867188,86.34017944335938,86.34201049804688,86.34381103515625,86.3455810546875,86.34729766845703,86.34895324707031,150.0
239,85.38459014892578,86.3218994140625,86.33195495605469,86.33302307128906,86.33474731445312,86.3365249633789,86.33834838867188,86.34017944335938,86.34201049804688,86.34381103515625,86.3455810546875,86.34729766845703,86.34895324707031,150.0
240,85.4578857421875,86.48556518554688,86.49000549316406,86.48908233642578,86.48886108398438,86.48876953125,86.48882293701172,86.4889907836914,86.48921966552734,86.48956298828125,86.48992919921875,86.49036407470703,86.49082946777344,131.0
241,85.4578857421875,86.48556518554688,86.49000549316406,86.48908233642578,86.48886108398438,86.48876953125,86.48882293701172,86.4889907836914,86.48921966552734,86.48956298828125,86.48992919921875,86.49036407470703,86.49082946777344,111.0
242,85.4578857421875,86.48556518554688,86.49000549316406,86.48908233642578,86.48886108398438,86.48876953125,86.48882293701172,86.4889907836914,86.48921966552734,86.48956298828125,86.48992919921875,86.49036407470703,86.49082946777344,91.0
243,85.4578857421875,86.48556518554688,86.49000549316406,86.48908233642578,86.48886108398438,86.48876953125,86.48882293701172,86.4889907836914,86.48921966552734,86.48956298828125,86.48992919921875,86.49036407470703,86.49082946777344,71.0
244,85.4578857421875,86.48556518554688,86.49000549316406,86.48908233642578,86.48886108398438,86.48876953125,86.48882293701172,86.4889907836914,86.48921966552734,86.48956298828125,86.48992919921875,86.49036407470703,86.49082946777344,51.0
245,85.4578857421875,86.48556518554688,86.49000549316406,86.48908233642578,86.48886108398438,86.48876953125,86.48882293701172,86.4889907836914,86.48921966552734,86.48956298828125,86.48992919921875,86.49036407470703,86.49082946777344,31.0
246,85.4578857421875,86.48556518554688,86.49000549316406,86.48908233642578,86.48886108398438,86.48876953125,86.48882293701172,86.4889907836914,86.48921966552734,86.48956298828125,86.48992919921875,86.49036407470703,86.49082946777344,11.0
247,85.4578857421875,86.48556518554688,86.49000549316406,86.48908233642578,86.48886108398438,86.48876953125,86.48882293701172,86.4889907836914,86.48921966552734,86.48956298828125,86.48992919921875,86.49036407470703,86.49082946777344,150.0
248,85.4578857421875,86.48556518554688,86.49000549316406,86.48908233642578,86.48886108398438,86.48876953125,86.48882293701172,86.4889907836914,86.48921966552734,86.48956298828125,86.48992919921875,86.49036407470703,86.49082946777344,150.0
249,85.4578857421875,86.48556518554688,86.49000549316406,86.48908233642578,86.48886108398438,86.48876953125,86.48882293701172,86.4889907836914,86.48921966552734,86.48956298828125,86.48992919921875,86.49036407470703,86.49082946777344,140.0
250,85.6391830444336,86.734130859375,86.73291015625,86.72966766357422,86.7271728515625,86.72494506835938,86.72294616699219,86.72117614746094,86.71959686279297,86.71823120117188,86.7170181274414,86.71597290039062,86.71505737304688,120.0
251,85.6391830444336,86.734130859375,86.73291015625,86.72966766357422,86.7271728515625,86.72494506835938,86.72294616699219,86.72117614746094,86.71959686279297,86.71823120117188,86.7170181274414,86.71597290039062,86.71505737304688,100.0
252,85.6391830444336,86.734130859375,86.73291015625,86.72966766357422,86.7271728515625,86.72494506835938,86.72294616699219,86.72117614746094,86.71959686279297,86.71823120117188,86.7170181274414,86.71597290039062,86.71505737304688,80.0
253,85.6391830444336,86.734130859375,86.73291015625,86.72966766357422,86.7271728515625,86.72494506835938,86.72294616699219,86.72117614746094,86.71959686279297,86.71823120117188,86.7170181274414,86.71597290039062,86.71505737304688,60.0
254,85.6391830444336,86.734130859375,86.73291015625,86.72966766357422,86.7271728515625,86.72494506835938,86.72294616699219,86.72117614746094,86.71959686279297,86.71823120117188,86.7170181274414,86.71597290039062,86.71505737304688,40.0
255,85.6391830444336,86.734130859375,86.73291015625,86.72966766357422,86.7271728515625,86.72494506835938,86.72294616699219,86.72117614746094,86.71959686279297,86.71823120117188,86.7170181274414,86.71597290039062,86.71505737304688,20.0
256,85.6391830444336,86.734130859375,86.73291015625,86.72966766357422,86.7271728515625,86.72494506835938,86.72294616699219,86.72117614746094,86.71959686279297,86.71823120117188,86.7170181274414,86.71597290039062,86.71505737304688,0.0
257,85.6391830444336,86.734130859375,86.73291015625,86.72966766357422,86.7271728515625,86.72494506835938,86.72294616699219,86.72117614746094,86.71959686279297,86.71823120117188,86.7170181274414,86.71597290039062,86.71505737304688,150.0
258,85.6391830444336,86.734130859375,86.73291015625,86.72966766357422,86.7271728515625,86.72494506835938,86.72294616699219,86.72117614746094,86.71959686279297,86.71823120117188,86.7170181274414,86.71597290039062,86.71505737304688,150.0
259,85.6391830444336,86.734130859375,86.73291015625,86.72966766357422,86.7271728515625,86.72494506835938,86.72294616699219,86.72117614746094,86.71959686279297,86.71823120117188,86.7170181274414,86.71597290039062,86.71505737304688,135.0
260,85.80059814453125,86.94084167480469,86.93460083007812,86.92941284179688,86.92500305175781,86.92093658447266,86.91720581054688,86.91378784179688,86.91065979003906,86.9078369140625,86.90526580810547,86.90294647216797,86.90084838867188,115.0
261,85.80059814453125,86.94084167480469,86.93460083007812,86.92941284179688,86.92500305175781,86.92093658447266,86.91720581054688,86.91378784179688,86.91065979003906,86.9078369140625,86.90526580810547,86.90294647216797,86.90084838867188,95.0
262,85.80059814453125,86.94084167480469,86.93460083007812,86.92941284179688,86.92500305175781,86.92093658447266,86.91720581054688,86.91378784179688,86.91065979003906,86.9078369140625,86.90526580810547,86.90294647216797,86.90084838867188,75.0
263,85.80059814453125,86.94084167480469,86.93460083007812,86.92941284179688,86.92500305175781,86.92093658447266,86.91720581054688,86.91378784179688,86.91065979003906,86.9078369140625,86.90526580810547,86.90294647216797,86.90084838867188,55.0
264,85.80059814453125,86.94084167480469,86.93460083007812,86.92941284179688,86.92500305175781,86.92093658447266,86.91720581054688,86.91378784179688,86.91065979003906,86.9078369140625,86.90526580810547,86.90294647216797,86.90084838867188,35.0
265,85.80059814453125,86.94084167480469,86.93460083007812,86.92941284179688,86.92500305175781,86.92093658447266,86.91720581054688,86.91378784179688,86.91065979003906,86.9078369140625,86.90526580810547,86.90294647216797,86.90084838867188,15.0
266,85.80059814453125,86.94084167480469,86.93460083007812,86.92941284179688,86.92500305175781,86.92093658447266,86.91720581054688,86.91378784179688,86.91065979003906,86.9078369140625,86.90526580810547,86.90294647216797,86.90084838867188,150.0
267,85.80059814453125,86.94084167480469,86.93460083007812,86.92941284179688,86.92500305175781,86.92093658447266,86.91720581054688,86.91378784179688,86.91065979003906,86.9078369140625,86.90526580810547,86.90294647216797,86.90084838867188,141.0
268,85.80059814453125,86.94084167480469,86.93460083007812,86.92941284179688,86.92500305175781,86.92093658447266,86.91720581054688,86.91378784179688,86.91065979003906,86.9078369140625,86.90526580810547,86.90294647216797,86.90084838867188,121.0
269,85.80059814453125,86.94084167480469,86.93460083007812,86.92941284179688,86.92500305175781,86.92093658447266,86.91720581054688,86.91378784179688,86.91065979003906,86.9078369140625,86.90526580810547,86.90294647216797,86.90084838867188,101.0
270,86.00921630859375,87.1744384765625,87.16351318359375,87.15637969970703,87.15006256103516,87.14418029785156,87.13871765136719,87.13365936279297,87.12899017333984,87.12472534179688,87.12079620361328,87.11721801757812,87.11395263671875,81.0
271,86.00921630859375,87.1744384765625,87.16351318359375,87.15637969970703,87.15006256103516,87.14418029785156,87.13871765136719,87.13365936279297,87.12899017333984,87.12472534179688,87.12079620361328,87.11721801757812,87.11395263671875,61.0
272,86.00921630859375,87.1744384765625,87.16351318359375,87.15637969970703,87.15006256103516,87.14418029785156,87.13871765136719,87.13365936279297,87.12899017333984,87.12472534179688,87.12079620361328,87.11721801757812,87.11395263671875,41.0
273,86.00921630859375,87.1744384765625,87.16351318359375,87.15637969970703,87.15006256103516,87.14418029785156,87.13871765136719,87.13365936279297,87.12899017333984,87.12472534179688,87.12079620361328,87.11721801757812,87.11395263671875,21.0
274,86.00921630859375,87.1744384765625,87.16351318359375,87.15637969970703,87.15006256103516,87.14418029785156,87.13871765136719,87.13365936279297,87.12899017333984,87.12472534179688,87.12079620361328,87.11721801757812,87.11395263671875,1.0
275,86.00921630859375,87.1744384765625,87.16351318359375,87.15637969970703,87.15006256103516,87.14418029785156,87.13871765136719,87.13365936279297,87.12899017333984,87.12472534179688,87.12079620361328,87.11721801757812,87.11395263671875,138.0
276,86.00921630859375,87.1744384765625,87.16351318359375,87.15637969970703,87.15006256103516,87.14418029785156,87.13871765136719,87.13365936279297,87.12899017333984,87.12472534179688,87.12079620361328,87.11721801757812,87.11395263671875,118.0
277,86.00921630859375,87.1744384765625,87.16351318359375,87.15637969970703,87.15006256103516,87.14418029785156,87.13871765136719,87.13365936279297,87.12899017333984,87.12472534179688,87.12079620361328,87.11721801757812,87.11395263671875,98.0
278,86.00921630859375,87.1744384765625,87.16351318359375,87.15637969970703,87.15006256103516,87.14418029785156,87.13871765136719,87.13365936279297,87.12899017333984,87.12472534179688,87.12079620361328,87.11721801757812,87.11395263671875,78.0
279,86.00921630859375,87.1744384765625,87.16351318359375,87.15637969970703,87.15006256103516,87.14418029785156,87.13871765136719,87.13365936279297,87.12899017333984,87.12472534179688,87.12079620361328,87.11721801757812,87.11395263671875,58.0
280,85.96493530273438,87.13552856445312,87.12193298339844,87.11448669433594,87.10778045654297,87.10151672363281,87.09568786621094,87.09027099609375,87.08524322509766,87.08062744140625,87.07637023925781,87.07247924804688,87.06893157958984,38.0
281,85.96493530273438,87.13552856445312,87.12193298339844,87.11448669433594,87.10778045654297,87.10151672363281,87.09568786621094,87.09027099609375,87.08524322509766,87.08062744140625,87.07637023925781,87.07247924804688,87.06893157958984,18.0
282,85.96493530273438,87.13552856445312,87.12193298339844,87.11448669433594,87.10778045654297,87.10151672363281,87.09568786621094,87.09027099609375,87.08524322509766,87.08062744140625,87.07637023925781,87.07247924804688,87.06893157958984,150.0
283,85.96493530273438,87.13552856445312,87.12193298339844,87.11448669433594,87.10778045654297,87.10151672363281,87.09568786621094,87.09027099609375,87.08524322509766,87.08062744140625,87.07637023925781,87.07247924804688,87.06893157958984,130.0
284,85.96493530273438,87.13552856445312,87.12193298339844,87.11448669433594,87.10778045654297,87.10151672363281,87.09568786621094,87.09027099609375,87.08524322509766,87.08062744140625,87.07637023925781,87.07247924804688,87.06893157958984,110.0
285,85.96493530273438,87.13552856445312,87.12193298339844,87.11448669433594,87.10778045654297,87.10151672363281,87.09568786621094,87.09027099609375,87.08524322509766,87.08062744140625,87.07637023925781,87.07247924804688,87.06893157958984,90.0
286,85.96493530273438,87.13552856445312,87.12193298339844,87.11448669433594,87.10778045654297,87.10151672363281,87.09568786621094,87.09027099609375,87.08524322509766,87.08062744140625,87.07637023925781,87.07247924804688,87.06893157958984,70.0
287,85.96493530273438,87.13552856445312,87.12193298339844,87.11448669433594,87.10778045654297,87.10151672363281,87.09568786621094,87.09027099609375,87.08524322509766,87.08062744140625,87.07637023925781,87.07247924804688,87.06893157958984,50.0
288,85.96493530273438,87.13552856445312,87.12193298339844,87.11448669433594,87.10778045654297,87.10151672363281,87.09568786621094,87.09027099609375,87.08524322509766,87.08062744140625,87.07637023925781,87.07247924804688,87.06893157958984,30.0
289,85.96493530273438,87.13552856445312,87.12193298339844,87.11448669433594,87.10778045654297,87.10151672363281,87.09568786621094,87.09027099609375,87.08524322509766,87.08062744140625,87.07637023925781,87.07247924804688,87.06893157958984,10.0
290,85.69517517089844,86.85343933105469,86.83905029296875,86.83272552490234,86.82701110839844,86.8216781616211,86.81668853759766,86.81204223632812,86.80772399902344,86.80375671386719,86.80008697509766,86.79673767089844,86.79367065429688,150.0
291,85.69517517089844,86.85343933105469,86.83905029296875,86.83272552490234,86.82701110839844,86.8216781616211,86.81668853759766,86.81204223632812,86.80772399902344,86.80375671386719,86.80008697509766,86.79673767089844,86.79367065429688,150.0
292,85.69517517089844,86.85343933105469,86.83905029296875,86.83272552490234,86.82701110839844,86.8216781616211,86.81668853759766,86.81204223632812,86.80772399902344,86.80375671386719,86.80008697509766,86.79673767089844,86.79367065429688,134.0
293,85.69517517089844,86.85343933105469,86.83905029296875,86.83272552490234,86.82701110839844,86.8216781616211,86.81668853759766,86.81204223632812,86.80772399902344,86.80375671386719,86.80008697509766,86.79673767089844,86.79367065429688,114.0
294,85.69517517089844,86.85343933105469,86.83905029296875,86.83272552490234,86.82701110839844,86.8216781616211,86.81668853759766,86.81204223632812,86.80772399902344,86.80375671386719,86.80008697509766,86.79673767089844,86.79367065429688,94.0
295,85.69517517089844,86.85343933105469,86.83905029296875,86.83272552490234,86.82701110839844,86.8216781616211,86.81668853759766,86.81204223632812,86.80772399902344,86.80375671386719,86.80008697509766,86.79673767089844,86.79367065429688,74.0
296,85.69517517089844,86.85343933105469,86.83905029296875,86.83272552490234,86.82701110839844,86.8216781616211,86.81668853759766,86.81204223632812,86.80772399902344,86.80375671386719,86.80008697509766,86.79673767089844,86.79367065429688,54.0
297,85.69517517089844,86.85343933105469,86.83905029296875,86.83272552490234,86.82701110839844,86.8216781616211,86.81668853759766,86.81204223632812,86.80772399902344,86.80375671386719,86.80008697509766,86.79673767089844,86.79367065429688,34.0
298,85.69517517089844,86.85343933105469,86.83905029296875,86.83272552490234,86.82701110839844,86.8216781616211,86.81668853759766,86.81204223632812,86.80772399902344,86.80375671386719,86.80008697509766,86.79673767089844,86.79367065429688,14.0
299,85.69517517089844,86.85343933105469,86.83905029296875,86.83272552490234,86.82701110839844,86.8216781616211,86.81668853759766,86.81204223632812,86.80772399902344,86.80375671386719,86.80008697509766,86.79673767089844,86.79367065429688,108.0
300,85.54936981201172,86.6805419921875,86.66516876220703,86.65951538085938,86.65437316894531,86.6495361328125,86.64501953125,86.64080047607422,86.63684844970703,86.63322448730469,86.6298599243164,86.62678527832031,86.62396240234375,88.0
301,85.54936981201172,86.6805419921875,86.66516876220703,86.65951538085938,86.65437316894531,86.6495361328125,86.64501953125,86.64080047607422,86.63684844970703,86.63322448730469,86.6298599243164,86.62678527832031,86.62396240234375,68.0
302,85.54936981201172,86.6805419921875,86.66516876220703,86.65951538085938,86.65437316894531,86.6495361328125,86.64501953125,86.64080047607422,86.63684844970703,86.63322448730469,86.6298599243164,86.62678527832031,86.62396240234375,48.0
303,85.54936981201172,86.6805419921875,86.66516876220703,86.65951538085938,86.65437316894531,86.6495361328125,86.64501953125,86.64080047607422,86.63684844970703,86.63322448730469,86.6298599243164,86.62678527832031,86.62396240234375,28.0
304,85.54936981201172,86.6805419921875,86.66516876220703,86.65951538085938,86.65437316894531,86.6495361328125,86.64501953125,86.64080047607422,86.63684844970703,86.63322448730469,86.6298599243164,86.62678527832031,86.62396240234375,8.0
305,85.54936981201172,86.6805419921875,86.66516876220703,86.65951538085938,86.65437316894531,86.6495361328125,86.64501953125,86.64080047607422,86.63684844970703,86.63322448730469,86.6298599243164,86.62678527832031,86.62396240234375,150.0
306,85.54936981201172,86.6805419921875,86.66516876220703,86.65951538085938,86.65437316894531,86.6495361328125,86.64501953125,86.64080047607422,86.63684844970703,86.63322448730469,86.6298599243164,86.62678527832031,86.62396240234375,148.0
307,85.54936981201172,86.6805419921875,86.66516876220703,86.65951538085938,86.65437316894531,86.6495361328125,86.64501953125,86.64080047607422,86.63684844970703,86.63322448730469,86.6298599243164,86.62678527832031,86.62396240234375,128.0
308,85.54936981201172,86.6805419921875,86.66516876220703,86.65951538085938,86.65437316894531,86.6495361328125,86.64501953125,86.64080047607422,86.63684844970703,86.63322448730469,86.6298599243164,86.62678527832031,86.62396240234375,108.0
309,85.54936981201172,86.6805419921875,86.66516876220703,86.65951538085938,86.65437316894531,86.6495361328125,86.64501953125,86.64080047607422,86.63684844970703,86.63322448730469,86.6298599243164,86.62678527832031,86.62396240234375,88.0
310,85.42729187011719,86.51822662353516,86.5022201538086,86.49728393554688,86.49275207519531,86.48847961425781,86.48445892333984,86.48070526123047,86.4771728515625,86.47392272949219,86.47089385986328,86.4681396484375,86.46559143066406,68.0
311,85.42729187011719,86.51822662353516,86.5022201538086,86.49728393554688,86.49275207519531,86.48847961425781,86.48445892333984,86.48070526123047,86.4771728515625,86.47392272949219,86.47089385986328,86.4681396484375,86.46559143066406,48.0
312,85.42729187011719,86.51822662353516,86.5022201538086,86.49728393554688,86.49275207519531,86.48847961425781,86.48445892333984,86.48070526123047,86.4771728515625,86.47392272949219,86.47089385986328,86.4681396484375,86.46559143066406,28.0
313,85.42729187011719,86.51822662353516,86.5022201538086,86.49728393554688,86.49275207519531,86.48847961425781,86.48445892333984,86.48070526123047,86.4771728515625,86.47392272949219,86.47089385986328,86.4681396484375,86.46559143066406,8.0
314,85.42729187011719,86.51822662353516,86.5022201538086,86.49728393554688,86.49275207519531,86.48847961425781,86.48445892333984,86.48070526123047,86.4771728515625,86.47392272949219,86.47089385986328,86.4681396484375,86.46559143066406,150.0
315,85.42729187011719,86.51822662353516,86.5022201538086,86.49728393554688,86.49275207519531,86.48847961425781,86.48445892333984,86.48070526123047,86.4771728515625,86.47392272949219,86.47089385986328,86.4681396484375,86.46559143066406,150.0
316,85.42729187011719,86.51822662353516,86.5022201538086,86.49728393554688,86.49275207519531,86.48847961425781,86.48445892333984,86.48070526123047,86.4771728515625,86.47392272949219,86.47089385986328,86.4681396484375,86.46559143066406,150.0
317,85.42729187011719,86.51822662353516,86.5022201538086,86.49728393554688,86.49275207519531,86.48847961425781,86.48445892333984,86.48070526123047,86.4771728515625,86.47392272949219,86.47089385986328,86.4681396484375,86.46559143066406,136.0
318,85.42729187011719,86.51822662353516,86.5022201538086,86.49728393554688,86.49275207519531,86.48847961425781,86.48445892333984,86.48070526123047,86.4771728515625,86.47392272949219,86.47089385986328,86.4681396484375,86.46559143066406,116.0
319,85.42729187011719,86.51822662353516,86.5022201538086,86.49728393554688,86.49275207519531,86.48847961425781,86.48445892333984,86.48070526123047,86.4771728515625,86.47392272949219,86.47089385986328,86.4681396484375,86.46559143066406,96.0
320,85.45149230957031,86.49122619628906,86.47418975830078,86.46934509277344,86.4648208618164,86.4605484008789,86.45651245117188,86.45272827148438,86.44915771484375,86.44585418701172,86.44276428222656,86.43995666503906,86.43733978271484,76.0
321,85.45149230957031,86.49122619628906,86.47418975830078,86.46934509277344,86.4648208618164,86.4605484008789,86.45651245117188,86.45272827148438,86.44915771484375,86.44585418701172,86.44276428222656,86.43995666503906,86.43733978271484,56.0
322,85.45149230957031,86.49122619628906,86.47418975830078,86.46934509277344,86.4648208618164,86.4605484008789,86.45651245117188,86.45272827148438,86.44915771484375,86.44585418701172,86.44276428222656,86.43995666503906,86.43733978271484,36.0
323,85.45149230957031,86.49122619628906,86.47418975830078,86.46934509277344,86.4648208618164,86.4605484008789,86.45651245117188,86.45272827148438,86.44915771484375,86.44585418701172,86.44276428222656,86.43995666503906,86.43733978271484,16.0
324,85.45149230957031,86.49122619628906,86.47418975830078,86.46934509277344,86.4648208618164,86.4605484008789,86.45651245117188,86.45272827148438,86.44915771484375,86.44585418701172,86.44276428222656,86.43995666503906,86.43733978271484,150.0
325,85.45149230957031,86.49122619628906,86.47418975830078,86.46934509277344,86.4648208618164,86.4605484008789,86.45651245117188,86.45272827148438,86.44915771484375,86.44585418701172,86.44276428222656,86.43995666503906,86.43733978271484,150.0
326,85.45149230957031,86.49122619628906,86.47418975830078,86.46934509277344,86.4648208618164,86.4605484008789,86.45651245117188,86.45272827148438,86.44915771484375,86.44585418701172,86.44276428222656,86.43995666503906,86.43733978271484,136.0
327,85.45149230957031,86.49122619628906,86.47418975830078,86.46934509277344,86.4648208618164,86.4605484008789,86.45651245117188,86.45272827148438,86.44915771484375,86.44585418701172,86.44276428222656,86.43995666503906,86.43733978271484,116.0
328,85.45149230957031,86.49122619628906,86.47418975830078,86.46934509277344,86.4648208618164,86.4605484008789,86.45651245117188,86.45272827148438,86.44915771484375,86.44585418701172,86.44276428222656,86.43995666503906,86.43733978271484,96.0
329,85.45149230957031,86.49122619628906,86.47418975830078,86.46934509277344,86.4648208618164,86.4605484008789,86.45651245117188,86.45272827148438,86.44915771484375,86.44585418701172,86.44276428222656,86.43995666503906,86.43733978271484,76.0
330,85.54826354980469,86.52742004394531,86.50936889648438,86.50432586669922,86.49958038330078,86.49507141113281,86.49081420898438,86.48678588867188,86.48300170898438,86.4794692993164,86.47618103027344,86.47315979003906,86.4703598022461,56.0
331,85.54826354980469,86.52742004394531,86.50936889648438,86.50432586669922,86.49958038330078,86.49507141113281,86.49081420898438,86.48678588867188,86.48300170898438,86.4794692993164,86.47618103027344,86.47315979003906,86.4703598022461,36.0
332,85.54826354980469,86.52742004394531,86.50936889648438,86.50432586669922,86.49958038330078,86.49507141113281,86.49081420898438,86.48678588867188,86.48300170898438,86.4794692993164,86.47618103027344,86.47315979003906,86.4703598022461,16.0
333,85.54826354980469,86.52742004394531,86.50936889648438,86.50432586669922,86.49958038330078,86.49507141113281,86.49081420898438,86.48678588867188,86.48300170898438,86.4794692993164,86.47618103027344,86.47315979003906,86.4703598022461,150.0
334,85.54826354980469,86.52742004394531,86.50936889648438,86.50432586669922,86.49958038330078,86.49507141113281,86.49081420898438,86.48678588867188,86.48300170898438,86.4794692993164,86.47618103027344,86.47315979003906,86.4703598022461,150.0
335,85.54826354980469,86.52742004394531,86.50936889648438,86.50432586669922,86.49958038330078,86.49507141113281,86.49081420898438,86.48678588867188,86.48300170898438,86.4794692993164,86.47618103027344,86.47315979003906,86.4703598022461,147.0
336,85.54826354980469,86.52742004394531,86.50936889648438,86.50432586669922,86.49958038330078,86.49507141113281,86.49081420898438,86.48678588867188,86.48300170898438,86.4794692993164,86.47618103027344,86.47315979003906,86.4703598022461,127.0
337,85.54826354980469,86.52742004394531,86.50936889648438,86.50432586669922,86.49958038330078,86.49507141113281,86.49081420898438,86.48678588867188,86.48300170898438,86.4794692993164,86.47618103027344,86.47315979003906,86.4703598022461,107.0
338,85.54826354980469,86.52742004394531,86.50936889648438,86.50432586669922,86.49958038330078,86.49507141113281,86.49081420898438,86.48678588867188,86.48300170898438,86.4794692993164,86.47618103027344,86.47315979003906,86.4703598022461,87.0
339,85.54826354980469,86.52742004394531,86.50936889648438,86.50432586669922,86.49958038330078,86.49507141113281,86.49081420898438,86.48678588867188,86.48300170898438,86.4794692993164,86.47618103027344,86.47315979003906,86.4703598022461,67.0
340,85.75833129882812,86.66928100585938,86.6499252319336,86.64421844482422,86.63877868652344,86.63360595703125,86.62870788574219,86.62408447265625,86.61971282958984,86.61563873291016,86.61183166503906,86.60832977294922,86.60507202148438,47.0
341,85.75833129882812,86.66928100585938,86.6499252319336,86.64421844482422,86.63877868652344,86.63360595703125,86.62870788574219,86.62408447265625,86.61971282958984,86.61563873291016,86.61183166503906,86.60832977294922,86.60507202148438,27.0
342,85.75833129882812,86.66928100585938,86.6499252319336,86.64421844482422,86.63877868652344,86.63360595703125,86.62870788574219,86.62408447265625,86.61971282958984,86.61563873291016,86.61183166503906,86.60832977294922,86.60507202148438,7.0
343,85.75833129882812,86.66928100585938,86.6499252319336,86.64421844482422,86.63877868652344,86.63360595703125,86.62870788574219,86.62408447265625,86.61971282958984,86.61563873291016,86.61183166503906,86.60832977294922,86.60507202148438,150.0
344,85.75833129882812,86.66928100585938,86.6499252319336,86.64421844482422,86.63877868652344,86.63360595703125,86.62870788574219,86.62408447265625,86.61971282958984,86.61563873291016,86.61183166503906,86.60832977294922,86.60507202148438,150.0
345,85.75833129882812,86.66928100585938,86.6499252319336,86.64421844482422,86.63877868652344,86.63360595703125,86.62870788574219,86.62408447265625,86.61971282958984,86.61563873291016,86.61183166503906,86.60832977294922,86.60507202148438,132.0
346,85.75833129882812,86.66928100585938,86.6499252319336,86.64421844482422,86.63877868652344,86.63360595703125,86.62870788574219,86.62408447265625,86.61971282958984,86.61563873291016,86.61183166503906,86.60832977294922,86.60507202148438,112.0
347,85.75833129882812,86.66928100585938,86.6499252319336,86.64421844482422,86.63877868652344,86.63360595703125,86.62870788574219,86.62408447265625,86.61971282958984,86.61563873291016,86.61183166503906,86.60832977294922,86.60507202148438,92.0
348,85.75833129882812,86.66928100585938,86.6499252319336,86.64421844482422,86.63877868652344,86.63360595703125,86.62870788574219,86.62408447265625,86.61971282958984,86.61563873291016,86.61183166503906,86.60832977294922,86.60507202148438,72.0
349,85.75833129882812,86.66928100585938,86.6499252319336,86.64421844482422,86.63877868652344,86.63360595703125,86.62870788574219,86.62408447265625,86.61971282958984,86.61563873291016,86.61183166503906,86.60832977294922,86.60507202148438,52.0
350,85.92430114746094,86.76091003417969,86.74085998535156,86.73480224609375,86.72900390625,86.72348022460938,86.71823120117188,86.71327209472656,86.70858001708984,86.70419311523438,86.70008850097656,86.69631958007812,86.69279479980469,32.0
351,85.92430114746094,86.76091003417969,86.74085998535156,86.73480224609375,86.72900390625,86.72348022460938,86.71823120117188,86.71327209472656,86.70858001708984,86.70419311523438,86.70008850097656,86.69631958007812,86.69279479980469,12.0
352,85.92430114746094,86.76091003417969,86.74085998535156,86.73480224609375,86.72900390625,86.72348022460938,86.71823120117188,86.71327209472656,86.70858001708984,86.70419311523438,86.70008850097656,86.69631958007812,86.69279479980469,138.0
353,85.92430114746094,86.76091003417969,86.74085998535156,86.73480224609375,86.72900390625,86.72348022460938,86.71823120117188,86.71327209472656,86.70858001708984,86.70419311523438,86.70008850097656,86.69631958007812,86.69279479980469,118.0
354,85.92430114746094,86.76091003417969,86.74085998535156,86.73480224609375,86.72900390625,86.72348022460938,86.71823120117188,86.71327209472656,86.70858001708984,86.70419311523438,86.70008850097656,86.69631958007812,86.69279479980469,98.0
355,85.92430114746094,86.76091003417969,86.74085998535156,86.73480224609375,86.72900390625,86.72348022460938,86.71823120117188,86.71327209472656,86.70858001708984,86.70419311523438,86.70008850097656,86.69631958007812,86.69279479980469,78.0
356,85.92430114746094,86.76091003417969,86.74085998535156,86.73480224609375,86.72900390625,86.72348022460938,86.71823120117188,86.71327209472656,86.70858001708984,86.70419311523438,86.70008850097656,86.69631958007812,86.69279479980469,58.0
357,85.92430114746094,86.76091003417969,86.74085998535156,86.73480224609375,86.72900390625,86.72348022460938,86.71823120117188,86.71327209472656,86.70858001708984,86.70419311523438,86.70008850097656,86.69631958007812,86.69279479980469,38.0
358,85.92430114746094,86.76091003417969,86.74085998535156,86.73480224609375,86.72900390625,86.72348022460938,86.71823120117188,86.71327209472656,86.70858001708984,86.70419311523438,86.70008850097656,86.69631958007812,86.69279479980469,18.0
359,85.92430114746094,86.76091003417969,86.74085998535156,86.73480224609375,86.72900390625,86.72348022460938,86.71823120117188,86.71327209472656,86.70858001708984,86.70419311523438,86.70008850097656,86.69631958007812,86.69279479980469,150.0
360,85.90574645996094,86.66360473632812,86.64424133300781,86.63893127441406,86.63377380371094,86.62885284423828,86.62415313720703,86.61970520019531,86.61548614501953,86.61152648925781,86.6078109741211,86.60438537597656,86.60118865966797,150.0
361,85.90574645996094,86.66360473632812,86.64424133300781,86.63893127441406,86.63377380371094,86.62885284423828,86.62415313720703,86.61970520019531,86.61548614501953,86.61152648925781,86.6078109741211,86.60438537597656,86.60118865966797,150.0
362,85.90574645996094,86.66360473632812,86.64424133300781,86.63893127441406,86.63377380371094,86.62885284423828,86.62415313720703,86.61970520019531,86.61548614501953,86.61152648925781,86.6078109741211,86.60438537597656,86.60118865966797,150.0
363,85.90574645996094,86.66360473632812,86.64424133300781,86.63893127441406,86.63377380371094,86.62885284423828,86.62415313720703,86.61970520019531,86.61548614501953,86.61152648925781,86.6078109741211,86.60438537597656,86.60118865966797,150.0
364,85.90574645996094,86.66360473632812,86.64424133300781,86.63893127441406,86.63377380371094,86.62885284423828,86.62415313720703,86.61970520019531,86.61548614501953,86.61152648925781,86.6078109741211,86.60438537597656,86.60118865966797,136.0
365,85.90574645996094,86.66360473632812,86.64424133300781,86.63893127441406,86.63377380371094,86.62885284423828,86.62415313720703,86.61970520019531,86.61548614501953,86.61152648925781,86.6078109741211,86.60438537597656,86.60118865966797,116.0
366,85.90574645996094,86.66360473632812,86.64424133300781,86.63893127441406,86.63377380371094,86.62885284423828,86.62415313720703,86.61970520019531,86.61548614501953,86.61152648925781,86.6078109741211,86.60438537597656,86.60118865966797,96.0
367,85.90574645996094,86.66360473632812,86.64424133300781,86.63893127441406,86.63377380371094,86.62885284423828,86.62415313720703,86.61970520019531,86.61548614501953,86.61152648925781,86.6078109741211,86.60438537597656,86.60118865966797,76.0
368,85.90574645996094,86.66360473632812,86.64424133300781,86.63893127441406,86.63377380371094,86.62885284423828,86.62415313720703,86.61970520019531,86.61548614501953,86.61152648925781,86.6078109741211,86.60438537597656,86.60118865966797,56.0
369,85.90574645996094,86.66360473632812,86.64424133300781,86.63893127441406,86.63377380371094,86.62885284423828,86.62415313720703,86.61970520019531,86.61548614501953,86.61152648925781,86.6078109741211,86.60438537597656,86.60118865966797,150.0
370,86.41151428222656,87.0875015258789,87.06610107421875,87.05880737304688,87.05174255371094,87.04501342773438,87.03860473632812,87.03253936767578,87.02680969238281,87.02144622802734,87.01641845703125,87.01176452636719,87.00743103027344,150.0
371,86.41151428222656,87.0875015258789,87.06610107421875,87.05880737304688,87.05174255371094,87.04501342773438,87.03860473632812,87.03253936767578,87.02680969238281,87.02144622802734,87.01641845703125,87.01176452636719,87.00743103027344,150.0
372,86.41151428222656,87.0875015258789,87.06610107421875,87.05880737304688,87.05174255371094,87.04501342773438,87.03860473632812,87.03253936767578,87.02680969238281,87.02144622802734,87.01641845703125,87.01176452636719,87.00743103027344,134.0
373,86.41151428222656,87.0875015258789,87.06610107421875,87.05880737304688,87.05174255371094,87.04501342773438,87.03860473632812,87.03253936767578,87.02680969238281,87.02144622802734,87.01641845703125,87.01176452636719,87.00743103027344,114.0
374,86.41151428222656,87.0875015258789,87.06610107421875,87.05880737304688,87.05174255371094,87.04501342773438,87.03860473632812,87.03253936767578,87.02680969238281,87.02144622802734,87.01641845703125,87.01176452636719,87.00743103027344,94.0
375,86.41151428222656,87.0875015258789,87.06610107421875,87.05880737304688,87.05174255371094,87.04501342773438,87.03860473632812,87.03253936767578,87.02680969238281,87.02144622802734,87.01641845703125,87.01176452636719,87.00743103027344,74.0
376,86.41151428222656,87.0875015258789,87.06610107421875,87.05880737304688,87.05174255371094,87.04501342773438,87.03860473632812,87.03253936767578,87.02680969238281,87.02144622802734,87.01641845703125,87.01176452636719,87.00743103027344,54.0
377,86.41151428222656,87.0875015258789,87.06610107421875,87.05880737304688,87.05174255371094,87.04501342773438,87.03860473632812,87.03253936767578,87.02680969238281,87.02144622802734,87.01641845703125,87.01176452636719,87.00743103027344,34.0
378,86.41151428222656,87.0875015258789,87.06610107421875,87.05880737304688,87.05174255371094,87.04501342773438,87.03860473632812,87.03253936767578,87.02680969238281,87.02144622802734,87.01641845703125,87.01176452636719,87.00743103027344,14.0
379,86.41151428222656,87.0875015258789,87.06610107421875,87.05880737304688,87.05174255371094,87.04501342773438,87.03860473632812,87.03253936767578,87.02680969238281,87.02144622802734,87.01641845703125,87.01176452636719,87.00743103027344,150.0
380,87.01504516601562,87.60722351074219,87.58351135253906,87.57379913330078,87.56440734863281,87.55547332763672,87.54698181152344,87.53897094726562,87.53142547607422,87.52435302734375,87.51773071289062,87.51160430908203,87.50590515136719,150.0
381,87.01504516601562,87.60722351074219,87.58351135253906,87.57379913330078,87.56440734863281,87.55547332763672,87.54698181152344,87.53897094726562,87.53142547607422,87.52435302734375,87.51773071289062,87.51160430908203,87.50590515136719,150.0
382,87.01504516601562,87.60722351074219,87.58351135253906,87.57379913330078,87.56440734863281,87.55547332763672,87.54698181152344,87.53897094726562,87.53142547607422,87.52435302734375,87.51773071289062,87.51160430908203,87.50590515136719,135.0
383,87.01504516601562,87.60722351074219,87.58351135253906,87.57379913330078,87.56440734863281,87.55547332763672,87.54698181152344,87.53897094726562,87.53142547607422,87.52435302734375,87.51773071289062,87.51160430908203,87.50590515136719,115.0
384,87.01504516601562,87.60722351074219,87.58351135253906,87.57379913330078,87.56440734863281,87.55547332763672,87.54698181152344,87.53897094726562,87.53142547607422,87.52435302734375,87.51773071289062,87.51160430908203,87.50590515136719,95.0
385,87.01504516601562,87.60722351074219,87.58351135253906,87.57379913330078,87.56440734863281,87.55547332763672,87.54698181152344,87.53897094726562,87.53142547607422,87.52435302734375,87.51773071289062,87.51160430908203,87.50590515136719,75.0
386,87.01504516601562,87.60722351074219,87.58351135253906,87.57379913330078,87.56440734863281,87.55547332763672,87.54698181152344,87.53897094726562,87.53142547607422,87.52435302734375,87.51773071289062,87.51160430908203,87.50590515136719,55.0
387,87.01504516601562,87.60722351074219,87.58351135253906,87.57379913330078,87.56440734863281,87.55547332763672,87.54698181152344,87.53897094726562,87.53142547607422,87.52435302734375,87.51773071289062,87.51160430908203,87.50590515136719,35.0
388,87.01504516601562,87.60722351074219,87.58351135253906,87.57379913330078,87.56440734863281,87.55547332763672,87.54698181152344,87.53897094726562,87.53142547607422,87.52435302734375,87.51773071289062,87.51160430908203,87.50590515136719,15.0
389,87.01504516601562,87.60722351074219,87.58351135253906,87.57379913330078,87.56440734863281,87.55547332763672,87.54698181152344,87.53897094726562,87.53142547607422,87.52435302734375,87.51773071289062,87.51160430908203,87.50590515136719,150.0
390,87.70927429199219,88.21688079833984,88.1905746459961,88.17806243896484,88.16598510742188,88.1545181274414,88.14363861083984,88.13336944580078,88.12371826171875,88.11468505859375,88.10623931884766,88.09841918945312,88.09114074707031,150.0
391,87.70927429199219,88.21688079833984,88.1905746459961,88.17806243896484,88.16598510742188,88.1545181274414,88.14363861083984,88.13336944580078,88.12371826171875,88.11468505859375,88.10623931884766,88.09841918945312,88.09114074707031,138.0
392,87.70927429199219,88.21688079833984,88.1905746459961,88.17806243896484,88.16598510742188,88.1545181274414,88.14363861083984,88.13336944580078,88.12371826171875,88.11468505859375,88.10623931884766,88.09841918945312,88.09114074707031,118.0
393,87.70927429199219,88.21688079833984,88.1905746459961,88.17806243896484,88.16598510742188,88.1545181274414,88.14363861083984,88.13336944580078,88.12371826171875,88.11468505859375,88.10623931884766,88.09841918945312,88.09114074707031,98.0
394,87.70927429199219,88.21688079833984,88.1905746459961,88.17806243896484,88.16598510742188,88.1545181274414,88.14363861083984,88.13336944580078,88.12371826171875,88.11468505859375,88.10623931884766,88.09841918945312,88.09114074707031,78.0
395,87.70927429199219,88.21688079833984,88.1905746459961,88.17806243896484,88.16598510742188,88.1545181274414,88.14363861083984,88.13336944580078,88.12371826171875,88.11468505859375,88.10623931884766,88.09841918945312,88.09114074707031,58.0
396,87.70927429199219,88.21688079833984,88.1905746459961,88.17806243896484,88.16598510742188,88.1545181274414,88.14363861083984,88.13336944580078,88.12371826171875,88.11468505859375,88.10623931884766,88.09841918945312,88.09114074707031,38.0
397,87.70927429199219,88.21688079833984,88.1905746459961,88.17806243896484,88.16598510742188,88.1545181274414,88.14363861083984,88.13336944580078,88.12371826171875,88.11468505859375,88.10623931884766,88.09841918945312,88.09114074707031,18.0
398,87.70927429199219,88.21688079833984,88.1905746459961,88.17806243896484,88.16598510742188,88.1545181274414,88.14363861083984,88.13336944580078,88.12371826171875,88.11468505859375,88.10623931884766,88.09841918945312,88.09114074707031,150.0
399,87.70927429199219,88.21688079833984,88.1905746459961,88.17806243896484,88.16598510742188,88.1545181274414,88.14363861083984,88.13336944580078,88.12371826171875,88.11468505859375,88.10623931884766,88.09841918945312,88.09114074707031,150.0
400,88.50677490234375,88.93003845214844,88.90083312988281,88.88507080078125,88.86991119384766,88.85551452636719,88.84187316894531,88.82902526855469,88.81695556640625,88.80565643310547,88.79511260986328,88.78534698486328,88.7762680053711,150.0
401,88.50677490234375,88.93003845214844,88.90083312988281,88.88507080078125,88.86991119384766,88.85551452636719,88.84187316894531,88.82902526855469,88.81695556640625,88.80565643310547,88.79511260986328,88.78534698486328,88.7762680053711,133.0
402,88.50677490234375,88.93003845214844,88.90083312988281,88.88507080078125,88.86991119384766,88.85551452636719,88.84187316894531,88.82902526855469,88.81695556640625,88.80565643310547,88.79511260986328,88.78534698486328,88.7762680053711,113.0
403,88.50677490234375,88.93003845214844,88.90083312988281,88.88507080078125,88.86991119384766,88.85551452636719,88.84187316894531,88.82902526855469,88.81695556640625,88.80565643310547,88.79511260986328,88.78534698486328,88.7762680053711,93.0
404,88.50677490234375,88.93003845214844,88.90083312988281,88.88507080078125,88.86991119384766,88.85551452636719,88.84187316894531,88.82902526855469,88.81695556640625,88.80565643310547,88.79511260986328,88.78534698486328,88.7762680053711,73.0
405,88.50677490234375,88.93003845214844,88.90083312988281,88.88507080078125,88.86991119384766,88.85551452636719,88.84187316894531,88.82902526855469,88.81695556640625,88.80565643310547,88.79511260986328,88.78534698486328,88.7762680053711,53.0
406,88.50677490234375,88.93003845214844,88.90083312988281,88.88507080078125,88.86991119384766,88.85551452636719,88.84187316894531,88.82902526855469,88.81695556640625,88.80565643310547,88.79511260986328,88.78534698486328,88.7762680053711,33.0
407,88.50677490234375,88.93003845214844,88.90083312988281,88.88507080078125,88.86991119384766,88.85551452636719,88.84187316894531,88.82902526855469,88.81695556640625,88.80565643310547,88.79511260986328,88.78534698486328,88.7762680053711,13.0
408,88.50677490234375,88.93003845214844,88.90083312988281,88.88507080078125,88.86991119384766,88.85551452636719,88.84187316894531,88.82902526855469,88.81695556640625,88.80565643310547,88.79511260986328,88.78534698486328,88.7762680053711,150.0
409,88.50677490234375,88.93003845214844,88.90083312988281,88.88507080078125,88.86991119384766,88.85551452636719,88.84187316894531,88.82902526855469,88.81695556640625,88.80565643310547,88.79511260986328,88.78534698486328,88.7762680053711,150.0
410,89.33708953857422,89.67739868164062,89.64537811279297,89.6263427734375,89.6080551147461,89.59071350097656,89.57428741455078,89.55883026123047,89.5443115234375,89.5307388305664,89.51807403564453,89.50635528564453,89.49544525146484,150.0
411,89.33708953857422,89.67739868164062,89.64537811279297,89.6263427734375,89.6080551147461,89.59071350097656,89.57428741455078,89.55883026123047,89.5443115234375,89.5307388305664,89.51807403564453,89.50635528564453,89.49544525146484,133.0
412,89.33708953857422,89.67739868164062,89.64537811279297,89.6263427734375,89.6080551147461,89.59071350097656,89.57428741455078,89.55883026123047,89.5443115234375,89.5307388305664,89.51807403564453,89.50635528564453,89.49544525146484,113.0
413,89.33708953857422,89.67739868164062,89.64537811279297,89.6263427734375,89.6080551147461,89.59071350097656,89.57428741455078,89.55883026123047,89.5443115234375,89.5307388305664,89.51807403564453,89.50635528564453,89.49544525146484,93.0
414,89.33708953857422,89.67739868164062,89.64537811279297,89.6263427734375,89.6080551147461,89.59071350097656,89.57428741455078,89.55883026123047,89.5443115234375,89.5307388305664,89.51807403564453,89.50635528564453,89.49544525146484,73.0
415,89.33708953857422,89.67739868164062,89.64537811279297,89.6263427734375,89.6080551147461,89.59071350097656,89.57428741455078,89.55883026123047,89.5443115234375,89.5307388305664,89.51807403564453,89.50635528564453,89.49544525146484,53.0
416,89.33708953857422,89.67739868164062,89.64537811279297,89.6263427734375,89.6080551147461,89.59071350097656,89.57428741455078,89.55883026123047,89.5443115234375,89.5307388305664,89.51807403564453,89.50635528564453,89.49544525146484,33.0
417,89.33708953857422,89.67739868164062,89.64537811279297,89.6263427734375,89.6080551147461,89.59071350097656,89.57428741455078,89.55883026123047,89.5443115234375,89.5307388305664,89.51807403564453,89.50635528564453,89.49544525146484,13.0
418,89.33708953857422,89.67739868164062,89.64537811279297,89.6263427734375,89.6080551147461,89.59071350097656,89.57428741455078,89.55883026123047,89.5443115234375,89.5307388305664,89.51807403564453,89.50635528564453,89.49544525146484,150.0
419,89.33708953857422,89.67739868164062,89.64537811279297,89.6263427734375,89.6080551147461,89.59071350097656,89.57428741455078,89.55883026123047,89.5443115234375,89.5307388305664,89.51807403564453,89.50635528564453,89.49544525146484,150.0
420,90.18590545654297,90.44564819335938,90.4109878540039,90.38874053955078,90.36740112304688,90.34718322753906,90.32801818847656,90.31000518798828,90.29308319091797,90.27728271484375,90.2625503540039,90.2489013671875,90.23622131347656,135.0
421,90.18590545654297,90.44564819335938,90.4109878540039,90.38874053955078,90.36740112304688,90.34718322753906,90.32801818847656,90.31000518798828,90.29308319091797,90.27728271484375,90.2625503540039,90.2489013671875,90.23622131347656,115.0
422,90.18590545654297,90.44564819335938,90.4109878540039,90.38874053955078,90.36740112304688,90.34718322753906,90.32801818847656,90.31000518798828,90.29308319091797,90.27728271484375,90.2625503540039,90.2489013671875,90.23622131347656,95.0
423,90.18590545654297,90.44564819335938,90.4109878540039,90.38874053955078,90.36740112304688,90.34718322753906,90.32801818847656,90.31000518798828,90.29308319091797,90.27728271484375,90.2625503540039,90.2489013671875,90.23622131347656,75.0
424,90.18590545654297,90.44564819335938,90.4109878540039,90.38874053955078,90.36740112304688,90.34718322753906,90.32801818847656,90.31000518798828,90.29308319091797,90.27728271484375,90.2625503540039,90.2489013671875,90.23622131347656,55.0
425,90.18590545654297,90.44564819335938,90.4109878540039,90.38874053955078,90.36740112304688,90.34718322753906,90.32801818847656,90.31000518798828,90.29308319091797,90.27728271484375,90.2625503540039,90.2489013671875,90.23622131347656,35.0
426,90.18590545654297,90.44564819335938,90.4109878540039,90.38874053955078,90.36740112304688,90.34718322753906,90.32801818847656,90.31000518798828,90.29308319091797,90.27728271484375,90.2625503540039,90.2489013671875,90.23622131347656,15.0
427,90.18590545654297,90.44564819335938,90.4109878540039,90.38874053955078,90.36740112304688,90.34718322753906,90.32801818847656,90.31000518798828,90.29308319091797,90.27728271484375,90.2625503540039,90.2489013671875,90.23622131347656,150.0
428,90.18590545654297,90.44564819335938,90.4109878540039,90.38874053955078,90.36740112304688,90.34718322753906,90.32801818847656,90.31000518798828,90.29308319091797,90.27728271484375,90.2625503540039,90.2489013671875,90.23622131347656,150.0
429,90.18590545654297,90.44564819335938,90.4109878540039,90.38874053955078,90.36740112304688,90.34718322753906,90.32801818847656,90.31000518798828,90.29308319091797,90.27728271484375,90.2625503540039,90.2489013671875,90.23622131347656,150.0
430,91.06040954589844,91.24271392822266,91.20556640625,91.18016052246094,91.15582275390625,91.13275146484375,91.11090850830078,91.09037780761719,91.07110595703125,91.05309295654297,91.03631591796875,91.02076721191406,91.00633239746094,150.0
431,91.06040954589844,91.24271392822266,91.20556640625,91.18016052246094,91.15582275390625,91.13275146484375,91.11090850830078,91.09037780761719,91.07110595703125,91.05309295654297,91.03631591796875,91.02076721191406,91.00633239746094,150.0
432,91.06040954589844,91.24271392822266,91.20556640625,91.18016052246094,91.15582275390625,91.13275146484375,91.11090850830078,91.09037780761719,91.07110595703125,91.05309295654297,91.03631591796875,91.02076721191406,91.00633239746094,137.0
433,91.06040954589844,91.24271392822266,91.20556640625,91.18016052246094,91.15582275390625,91.13275146484375,91.11090850830078,91.09037780761719,91.07110595703125,91.05309295654297,91.03631591796875,91.02076721191406,91.00633239746094,117.0
434,91.06040954589844,91.24271392822266,91.20556640625,91.18016052246094,91.15582275390625,91.13275146484375,91.11090850830078,91.09037780761719,91.07110595703125,91.05309295654297,91.03631591796875,91.02076721191406,91.00633239746094,97.0
435,91.06040954589844,91.24271392822266,91.20556640625,91.18016052246094,91.15582275390625,91.13275146484375,91.11090850830078,91.09037780761719,91.07110595703125,91.05309295654297,91.03631591796875,91.02076721191406,91.00633239746094,77.0
436,91.06040954589844,91.24271392822266,91.20556640625,91.18016052246094,91.15582275390625,91.13275146484375,91.11090850830078,91.09037780761719,91.07110595703125,91.05309295654297,91.03631591796875,91.02076721191406,91.00633239746094,57.0
437,91.06040954589844,91.24271392822266,91.20556640625,91.18016052246094,91.15582275390625,91.13275146484375,91.11090850830078,91.09037780761719,91.07110595703125,91.05309295654297,91.03631591796875,91.02076721191406,91.00633239746094,150.0
438,91.06040954589844,91.24271392822266,91.20556640625,91.18016052246094,91.15582275390625,91.13275146484375,91.11090850830078,91.09037780761719,91.07110595703125,91.05309295654297,91.03631591796875,91.02076721191406,91.00633239746094,150.0
439,91.06040954589844,91.24271392822266,91.20556640625,91.18016052246094,91.15582275390625,91.13275146484375,91.11090850830078,91.09037780761719,91.07110595703125,91.05309295654297,91.03631591796875,91.02076721191406,91.00633239746094,133.0
440,92.30523681640625,92.41194152832031,92.37039184570312,92.33999633789062,92.3109130859375,92.28336334228516,92.25727844238281,92.23277282714844,92.20977783203125,92.18830871582031,92.1683120727539,92.14978790283203,92.13261413574219,113.0
441,92.30523681640625,92.41194152832031,92.37039184570312,92.33999633789062,92.3109130859375,92.28336334228516,92.25727844238281,92.23277282714844,92.20977783203125,92.18830871582031,92.1683120727539,92.14978790283203,92.13261413574219,93.0
442,92.30523681640625,92.41194152832031,92.37039184570312,92.33999633789062,92.3109130859375,92.28336334228516,92.25727844238281,92.23277282714844,92.20977783203125,92.18830871582031,92.1683120727539,92.14978790283203,92.13261413574219,73.0
443,92.30523681640625,92.41194152832031,92.37039184570312,92.33999633789062,92.3109130859375,92.28336334228516,92.25727844238281,92.23277282714844,92.20977783203125,92.18830871582031,92.1683120727539,92.14978790283203,92.13261413574219,53.0
444,92.30523681640625,92.41194152832031,92.37039184570312,92.33999633789062,92.3109130859375,92.28336334228516,92.25727844238281,92.23277282714844,92.20977783203125,92.18830871582031,92.1683120727539,92.14978790283203,92.13261413574219,33.0
445,92.30523681640625,92.41194152832031,92.37039184570312,92.33999633789062,92.3109130859375,92.28336334228516,92.25727844238281,92.23277282714844,92.20977783203125,92.18830871582031,92.1683120727539,92.14978790283203,92.13261413574219,13.0
446,92.30523681640625,92.41194152832031,92.37039184570312,92.33999633789062,92.3109130859375,92.28336334228516,92.25727844238281,92.23277282714844,92.20977783203125,92.18830871582031,92.1683120727539,92.14978790283203,92.13261413574219,117.0
447,92.30523681640625,92.41194152832031,92.37039184570312,92.33999633789062,92.3109130859375,92.28336334228516,92.25727844238281,92.23277282714844,92.20977783203125,92.18830871582031,92.1683120727539,92.14978790283203,92.13261413574219,97.0
448,92.30523681640625,92.41194152832031,92.37039184570312,92.33999633789062,92.3109130859375,92.28336334228516,92.25727844238281,92.23277282714844,92.20977783203125,92.18830871582031,92.1683120727539,92.14978790283203,92.13261413574219,77.0
449,92.30523681640625,92.41194152832031,92.37039184570312,92.33999633789062,92.3109130859375,92.28336334228516,92.25727844238281,92.23277282714844,92.20977783203125,92.18830871582031,92.1683120727539,92.14978790283203,92.13261413574219,57.0
450,93.1361083984375,93.17451477050781,93.13136291503906,93.0985107421875,93.06710052490234,93.03733825683594,93.00916290283203,92.98268127441406,92.95783996582031,92.93464660644531,92.91305541992188,92.89305114746094,92.87450408935547,37.0
451,93.1361083984375,93.17451477050781,93.13136291503906,93.0985107421875,93.06710052490234,93.03733825683594,93.00916290283203,92.98268127441406,92.95783996582031,92.93464660644531,92.91305541992188,92.89305114746094,92.87450408935547,17.0
452,93.1361083984375,93.17451477050781,93.13136291503906,93.0985107421875,93.06710052490234,93.03733825683594,93.00916290283203,92.98268127441406,92.95783996582031,92.93464660644531,92.91305541992188,92.89305114746094,92.87450408935547,127.0
453,93.1361083984375,93.17451477050781,93.13136291503906,93.0985107421875,93.06710052490234,93.03733825683594,93.00916290283203,92.98268127441406,92.95783996582031,92.93464660644531,92.91305541992188,92.89305114746094,92.87450408935547,107.0
454,93.1361083984375,93.17451477050781,93.13136291503906,93.0985107421875,93.06710052490234,93.03733825683594,93.00916290283203,92.98268127441406,92.95783996582031,92.93464660644531,92.91305541992188,92.89305114746094,92.87450408935547,87.0
455,93.1361083984375,93.17451477050781,93.13136291503906,93.0985107421875,93.06710052490234,93.03733825683594,93.00916290283203,92.98268127441406,92.95783996582031,92.93464660644531,92.91305541992188,92.89305114746094,92.87450408935547,67.0
456,93.1361083984375,93.17451477050781,93.13136291503906,93.0985107421875,93.06710052490234,93.03733825683594,93.00916290283203,92.98268127441406,92.95783996582031,92.93464660644531,92.91305541992188,92.89305114746094,92.87450408935547,47.0
457,93.1361083984375,93.17451477050781,93.13136291503906,93.0985107421875,93.06710052490234,93.03733825683594,93.00916290283203,92.98268127441406,92.95783996582031,92.93464660644531,92.91305541992188,92.89305114746094,92.87450408935547,27.0
458,93.1361083984375,93.17451477050781,93.13136291503906,93.0985107421875,93.06710052490234,93.03733825683594,93.00916290283203,92.98268127441406,92.95783996582031,92.93464660644531,92.91305541992188,92.89305114746094,92.87450408935547,7.0
459,93.1361083984375,93.17451477050781,93.13136291503906,93.0985107421875,93.06710052490234,93.03733825683594,93.00916290283203,92.98268127441406,92.95783996582031,92.93464660644531,92.91305541992188,92.89305114746094,92.87450408935547,150.0
460,93.49700927734375,93.4759521484375,93.43429565429688,93.40188598632812,93.37088012695312,93.34149169921875,93.31366729736328,93.2874984741211,93.262939453125,93.24000549316406,93.2186508178711,93.19883728027344,93.18048095703125,150.0
461,93.49700927734375,93.4759521484375,93.43429565429688,93.40188598632812,93.37088012695312,93.34149169921875,93.31366729736328,93.2874984741211,93.262939453125,93.24000549316406,93.2186508178711,93.19883728027344,93.18048095703125,150.0
462,93.49700927734375,93.4759521484375,93.43429565429688,93.40188598632812,93.37088012695312,93.34149169921875,93.31366729736328,93.2874984741211,93.262939453125,93.24000549316406,93.2186508178711,93.19883728027344,93.18048095703125,150.0
463,93.49700927734375,93.4759521484375,93.43429565429688,93.40188598632812,93.37088012695312,93.34149169921875,93.31366729736328,93.2874984741211,93.262939453125,93.24000549316406,93.2186508178711,93.19883728027344,93.18048095703125,131.0
464,93.49700927734375,93.4759521484375,93.43429565429688,93.40188598632812,93.37088012695312,93.34149169921875,93.31366729736328,93.2874984741211,93.262939453125,93.24000549316406,93.2186508178711,93.19883728027344,93.18048095703125,111.0
465,93.49700927734375,93.4759521484375,93.43429565429688,93.40188598632812,93.37088012695312,93.34149169921875,93.31366729736328,93.2874984741211,93.262939453125,93.24000549316406,93.2186508178711,93.19883728027344,93.18048095703125,91.0
466,93.49700927734375,93.4759521484375,93.43429565429688,93.40188598632812,93.37088012695312,93.34149169921875,93.31366729736328,93.2874984741211,93.262939453125,93.24000549316406,93.2186508178711,93.19883728027344,93.18048095703125,71.0
467,93.49700927734375,93.4759521484375,93.43429565429688,93.40188598632812,93.37088012695312,93.34149169921875,93.31366729736328,93.2874984741211,93.262939453125,93.24000549316406,93.2186508178711,93.19883728027344,93.18048095703125,51.0
468,93.49700927734375,93.4759521484375,93.43429565429688,93.40188598632812,93.37088012695312,93.34149169921875,93.31366729736328,93.2874984741211,93.262939453125,93.24000549316406,93.2186508178711,93.19883728027344,93.18048095703125,31.0
469,93.49700927734375,93.4759521484375,93.43429565429688,93.40188598632812,93.37088012695312,93.34149169921875,93.31366729736328,93.2874984741211,93.262939453125,93.24000549316406,93.2186508178711,93.19883728027344,93.18048095703125,150.0
470,94.05037689208984,93.9741439819336,93.93309783935547,93.90028381347656,93.868896484375,93.8391342163086,93.81094360351562,93.78440856933594,93.75950622558594,93.73623657226562,93.71458435058594,93.6944808959961,93.67584228515625,132.0
471,94.05037689208984,93.9741439819336,93.93309783935547,93.90028381347656,93.868896484375,93.8391342163086,93.81094360351562,93.78440856933594,93.75950622558594,93.73623657226562,93.71458435058594,93.6944808959961,93.67584228515625,112.0
472,94.05037689208984,93.9741439819336,93.93309783935547,93.90028381347656,93.868896484375,93.8391342163086,93.81094360351562,93.78440856933594,93.75950622558594,93.73623657226562,93.71458435058594,93.6944808959961,93.67584228515625,92.0
473,94.05037689208984,93.9741439819336,93.93309783935547,93.90028381347656,93.868896484375,93.8391342163086,93.81094360351562,93.78440856933594,93.75950622558594,93.73623657226562,93.71458435058594,93.6944808959961,93.67584228515625,72.0
474,94.05037689208984,93.9741439819336,93.93309783935547,93.90028381347656,93.868896484375,93.8391342163086,93.81094360351562,93.78440856933594,93.75950622558594,93.73623657226562,93.71458435058594,93.6944808959961,93.67584228515625,52.0
475,94.05037689208984,93.9741439819336,93.93309783935547,93.90028381347656,93.868896484375,93.8391342163086,93.81094360351562,93.78440856933594,93.75950622558594,93.73623657226562,93.71458435058594,93.6944808959961,93.67584228515625,32.0
476,94.05037689208984,93.9741439819336,93.93309783935547,93.90028381347656,93.868896484375,93.8391342163086,93.81094360351562,93.78440856933594,93.75950622558594,93.73623657226562,93.71458435058594,93.6944808959961,93.67584228515625,12.0
477,94.05037689208984,93.9741439819336,93.93309783935547,93.90028381347656,93.868896484375,93.8391342163086,93.81094360351562,93.78440856933594,93.75950622558594,93.73623657226562,93.71458435058594,93.6944808959961,93.67584228515625,150.0
478,94.05037689208984,93.9741439819336,93.93309783935547,93.90028381347656,93.868896484375,93.8391342163086,93.81094360351562,93.78440856933594,93.75950622558594,93.73623657226562,93.71458435058594,93.6944808959961,93.67584228515625,145.0
479,94.05037689208984,93.9741439819336,93.93309783935547,93.90028381347656,93.868896484375,93.8391342163086,93.81094360351562,93.78440856933594,93.75950622558594,93.73623657226562,93.71458435058594,93.6944808959961,93.67584228515625,125.0
480,94.52470397949219,94.39991760253906,94.36019134521484,94.32764434814453,94.29649353027344,94.26692962646484,94.23892211914062,94.21253967285156,94.18777465820312,94.16461944580078,94.14306640625,94.12305450439453,94.10450744628906,105.0
481,94.52470397949219,94.39991760253906,94.36019134521484,94.32764434814453,94.29649353027344,94.26692962646484,94.23892211914062,94.21253967285156,94.18777465820312,94.16461944580078,94.14306640625,94.12305450439453,94.10450744628906,85.0
482,94.52470397949219,94.39991760253906,94.36019134521484,94.32764434814453,94.29649353027344,94.26692962646484,94.23892211914062,94.21253967285156,94.18777465820312,94.16461944580078,94.14306640625,94.12305450439453,94.10450744628906,65.0
483,94.52470397949219,94.39991760253906,94.36019134521484,94.32764434814453,94.29649353027344,94.26692962646484,94.23892211914062,94.21253967285156,94.18777465820312,94.16461944580078,94.14306640625,94.12305450439453,94.10450744628906,45.0
484,94.52470397949219,94.39991760253906,94.36019134521484,94.32764434814453,94.29649353027344,94.26692962646484,94.23892211914062,94.21253967285156,94.18777465820312,94.16461944580078,94.14306640625,94.12305450439453,94.10450744628906,25.0
485,94.52470397949219,94.39991760253906,94.36019134521484,94.32764434814453,94.29649353027344,94.26692962646484,94.23892211914062,94.21253967285156,94.18777465820312,94.16461944580078,94.14306640625,94.12305450439453,94.10450744628906,5.0
486,94.52470397949219,94.39991760253906,94.36019134521484,94.32764434814453,94.29649353027344,94.26692962646484,94.23892211914062,94.21253967285156,94.18777465820312,94.16461944580078,94.14306640625,94.12305450439453,94.10450744628906,150.0
487,94.52470397949219,94.39991760253906,94.36019134521484,94.32764434814453,94.29649353027344,94.26692962646484,94.23892211914062,94.21253967285156,94.18777465820312,94.16461944580078,94.14306640625,94.12305450439453,94.10450744628906,140.0
488,94.52470397949219,94.39991760253906,94.36019134521484,94.32764434814453,94.29649353027344,94.26692962646484,94.23892211914062,94.21253967285156,94.18777465820312,94.16461944580078,94.14306640625,94.12305450439453,94.10450744628906,120.0
489,94.52470397949219,94.39991760253906,94.36019134521484,94.32764434814453,94.29649353027344,94.26692962646484,94.23892211914062,94.21253967285156,94.18777465820312,94.16461944580078,94.14306640625,94.12305450439453,94.10450744628906,100.0
490,94.79206848144531,94.62677764892578,94.58977508544922,94.558837890625,94.5291976928711,94.50102996826172,94.47433471679688,94.44917297363281,94.42554473876953,94.40342712402344,94.3828353881836,94.36370086669922,94.34596252441406,80.0
491,94.79206848144531,94.62677764892578,94.58977508544922,94.558837890625,94.5291976928711,94.50102996826172,94.47433471679688,94.44917297363281,94.42554473876953,94.40342712402344,94.3828353881836,94.36370086669922,94.34596252441406,60.0
492,94.79206848144531,94.62677764892578,94.58977508544922,94.558837890625,94.5291976928711,94.50102996826172,94.47433471679688,94.44917297363281,94.42554473876953,94.40342712402344,94.3828353881836,94.36370086669922,94.34596252441406,40.0
493,94.79206848144531,94.62677764892578,94.58977508544922,94.558837890625,94.5291976928711,94.50102996826172,94.47433471679688,94.44917297363281,94.42554473876953,94.40342712402344,94.3828353881836,94.36370086669922,94.34596252441406,20.0
494,94.79206848144531,94.62677764892578,94.58977508544922,94.558837890625,94.5291976928711,94.50102996826172,94.47433471679688,94.44917297363281,94.42554473876953,94.40342712402344,94.3828353881836,94.36370086669922,94.34596252441406,0.0
495,94.79206848144531,94.62677764892578,94.58977508544922,94.558837890625,94.5291976928711,94.50102996826172,94.47433471679688,94.44917297363281,94.42554473876953,94.40342712402344,94.3828353881836,94.36370086669922,94.34596252441406,150.0
496,94.79206848144531,94.62677764892578,94.58977508544922,94.558837890625,94.5291976928711,94.50102996826172,94.47433471679688,94.44917297363281,94.42554473876953,94.40342712402344,94.3828353881836,94.36370086669922,94.34596252441406,134.0
497,94.79206848144531,94.62677764892578,94.58977508544922,94.558837890625,94.5291976928711,94.50102996826172,94.47433471679688,94.44917297363281,94.42554473876953,94.40342712402344,94.3828353881836,94.36370086669922,94.34596252441406,114.0
498,94.79206848144531,94.62677764892578,94.58977508544922,94.558837890625,94.5291976928711,94.50102996826172,94.47433471679688,94.44917297363281,94.42554473876953,94.40342712402344,94.3828353881836,94.36370086669922,94.34596252441406,94.0
499,94.79206848144531,94.62677764892578,94.58977508544922,94.558837890625,94.5291976928711,94.50102996826172,94.47433471679688,94.44917297363281,94.42554473876953,94.40342712402344,94.3828353881836,94.36370086669922,94.34596252441406,74.0
500,94.75527954101562,94.55854034423828,94.52617645263672,94.49866485595703,94.4722671508789,94.4471664428711,94.4233169555664,94.40083312988281,94.37969970703125,94.35989379882812,94.3414306640625,94.32424926757812,94.30829620361328,54.0
501,94.75527954101562,94.55854034423828,94.52617645263672,94.49866485595703,94.4722671508789,94.4471664428711,94.4233169555664,94.40083312988281,94.37969970703125,94.35989379882812,94.3414306640625,94.32424926757812,94.30829620361328,34.0
502,94.75527954101562,94.55854034423828,94.52617645263672,94.49866485595703,94.4722671508789,94.4471664428711,94.4233169555664,94.40083312988281,94.37969970703125,94.35989379882812,94.3414306640625,94.32424926757812,94.30829620361328,14.0
503,94.75527954101562,94.55854034423828,94.52617645263672,94.49866485595703,94.4722671508789,94.4471664428711,94.4233169555664,94.40083312988281,94.37969970703125,94.35989379882812,94.3414306640625,94.32424926757812,94.30829620361328,150.0
504,94.75527954101562,94.55854034423828,94.52617645263672,94.49866485595703,94.4722671508789,94.4471664428711,94.4233169555664,94.40083312988281,94.37969970703125,94.35989379882812,94.3414306640625,94.32424926757812,94.30829620361328,150.0
505,94.75527954101562,94.55854034423828,94.52617645263672,94.49866485595703,94.4722671508789,94.4471664428711,94.4233169555664,94.40083312988281,94.37969970703125,94.35989379882812,94.3414306640625,94.32424926757812,94.30829620361328,150.0
506,94.75527954101562,94.55854034423828,94.52617645263672,94.49866485595703,94.4722671508789,94.4471664428711,94.4233169555664,94.40083312988281,94.37969970703125,94.35989379882812,94.3414306640625,94.32424926757812,94.30829620361328,150.0
507,94.75527954101562,94.55854034423828,94.52617645263672,94.49866485595703,94.4722671508789,94.4471664428711,94.4233169555664,94.40083312988281,94.37969970703125,94.35989379882812,94.3414306640625,94.32424926757812,94.30829620361328,150.0
508,94.75527954101562,94.55854034423828,94.52617645263672,94.49866485595703,94.4722671508789,94.4471664428711,94.4233169555664,94.40083312988281,94.37969970703125,94.35989379882812,94.3414306640625,94.32424926757812,94.30829620361328,150.0
509,94.75527954101562,94.55854034423828,94.52617645263672,94.49866485595703,94.4722671508789,94.4471664428711,94.4233169555664,94.40083312988281,94.37969970703125,94.35989379882812,94.3414306640625,94.32424926757812,94.30829620361328,143.0
510,95.02338409423828,94.79847717285156,94.76898193359375,94.7432861328125,94.71861267089844,94.69509887695312,94.67276000976562,94.65165710449219,94.63180541992188,94.61319732666016,94.59584045410156,94.57965087890625,94.56463623046875,123.0
511,95.02338409423828,94.79847717285156,94.76898193359375,94.7432861328125,94.71861267089844,94.69509887695312,94.67276000976562,94.65165710449219,94.63180541992188,94.61319732666016,94.59584045410156,94.57965087890625,94.56463623046875,103.0
512,95.02338409423828,94.79847717285156,94.76898193359375,94.7432861328125,94.71861267089844,94.69509887695312,94.67276000976562,94.65165710449219,94.63180541992188,94.61319732666016,94.59584045410156,94.57965087890625,94.56463623046875,83.0
513,95.02338409423828,94.79847717285156,94.76898193359375,94.7432861328125,94.71861267089844,94.69509887695312,94.67276000976562,94.65165710449219,94.63180541992188,94.61319732666016,94.59584045410156,94.57965087890625,94.56463623046875,133.0
514,95.02338409423828,94.79847717285156,94.76898193359375,94.7432861328125,94.71861267089844,94.69509887695312,94.67276000976562,94.65165710449219,94.63180541992188,94.61319732666016,94.59584045410156,94.57965087890625,94.56463623046875,113.0
515,95.02338409423828,94.79847717285156,94.76898193359375,94.7432861328125,94.71861267089844,94.69509887695312,94.67276000976562,94.65165710449219,94.63180541992188,94.61319732666016,94.59584045410156,94.57965087890625,94.56463623046875,93.0
516,95.02338409423828,94.79847717285156,94.76898193359375,94.7432861328125,94.71861267089844,94.69509887695312,94.67276000976562,94.65165710449219,94.63180541992188,94.61319732666016,94.59584045410156,94.57965087890625,94.56463623046875,73.0
517,95.02338409423828,94.79847717285156,94.76898193359375,94.7432861328125,94.71861267089844,94.69509887695312,94.67276000976562,94.65165710449219,94.63180541992188,94.61319732666016,94.59584045410156,94.57965087890625,94.56463623046875,53.0
518,95.02338409423828,94.79847717285156,94.76898193359375,94.7432861328125,94.71861267089844,94.69509887695312,94.67276000976562,94.65165710449219,94.63180541992188,94.61319732666016,94.59584045410156,94.57965087890625,94.56463623046875,33.0
519,95.02338409423828,94.79847717285156,94.76898193359375,94.7432861328125,94.71861267089844,94.69509887695312,94.67276000976562,94.65165710449219,94.63180541992188,94.61319732666016,94.59584045410156,94.57965087890625,94.56463623046875,13.0
520,95.06578826904297,94.82080078125,94.79548645019531,94.77290344238281,94.75115966796875,94.73039245605469,94.71063232421875,94.69196319580078,94.67435455322266,94.65782165527344,94.64238739013672,94.62796783447266,94.61457824707031,150.0
521,95.06578826904297,94.82080078125,94.79548645019531,94.77290344238281,94.75115966796875,94.73039245605469,94.71063232421875,94.69196319580078,94.67435455322266,94.65782165527344,94.64238739013672,94.62796783447266,94.61457824707031,150.0
522,95.06578826904297,94.82080078125,94.79548645019531,94.77290344238281,94.75115966796875,94.73039245605469,94.71063232421875,94.69196319580078,94.67435455322266,94.65782165527344,94.64238739013672,94.62796783447266,94.61457824707031,139.0
523,95.06578826904297,94.82080078125,94.79548645019531,94.77290344238281,94.75115966796875,94.73039245605469,94.71063232421875,94.69196319580078,94.67435455322266,94.65782165527344,94.64238739013672,94.62796783447266,94.61457824707031,119.0
524,95.06578826904297,94.82080078125,94.79548645019531,94.77290344238281,94.75115966796875,94.73039245605469,94.71063232421875,94.69196319580078,94.67435455322266,94.65782165527344,94.64238739013672,94.62796783447266,94.61457824707031,99.0
525,95.06578826904297,94.82080078125,94.79548645019531,94.77290344238281,94.75115966796875,94.73039245605469,94.71063232421875,94.69196319580078,94.67435455322266,94.65782165527344,94.64238739013672,94.62796783447266,94.61457824707031,79.0
526,95.06578826904297,94.82080078125,94.79548645019531,94.77290344238281,94.75115966796875,94.73039245605469,94.71063232421875,94.69196319580078,94.67435455322266,94.65782165527344,94.64238739013672,94.62796783447266,94.61457824707031,59.0
527,95.06578826904297,94.82080078125,94.79548645019531,94.77290344238281,94.75115966796875,94.73039245605469,94.71063232421875,94.69196319580078,94.67435455322266,94.65782165527344,94.64238739013672,94.62796783447266,94.61457824707031,39.0
528,95.06578826904297,94.82080078125,94.79548645019531,94.77290344238281,94.75115966796875,94.73039245605469,94.71063232421875,94.69196319580078,94.67435455322266,94.65782165527344,94.64238739013672,94.62796783447266,94.61457824707031,19.0
529,95.06578826904297,94.82080078125,94.79548645019531,94.77290344238281,94.75115966796875,94.73039245605469,94.71063232421875,94.69196319580078,94.67435455322266,94.65782165527344,94.64238739013672,94.62796783447266,94.61457824707031,117.0
530,95.13356018066406,94.87393188476562,94.8525619506836,94.83291625976562,94.81396484375,94.79582214355469,94.77851867675781,94.76215362548828,94.7466812133789,94.73212432861328,94.71851348876953,94.7057876586914,94.69395446777344,97.0
531,95.13356018066406,94.87393188476562,94.8525619506836,94.83291625976562,94.81396484375,94.79582214355469,94.77851867675781,94.76215362548828,94.7466812133789,94.73212432861328,94.71851348876953,94.7057876586914,94.69395446777344,77.0
532,95.13356018066406,94.87393188476562,94.8525619506836,94.83291625976562,94.81396484375,94.79582214355469,94.77851867675781,94.76215362548828,94.7466812133789,94.73212432861328,94.71851348876953,94.7057876586914,94.69395446777344,57.0
533,95.13356018066406,94.87393188476562,94.8525619506836,94.83291625976562,94.81396484375,94.79582214355469,94.77851867675781,94.76215362548828,94.7466812133789,94.73212432861328,94.71851348876953,94.7057876586914,94.69395446777344,37.0
534,95.13356018066406,94.87393188476562,94.8525619506836,94.83291625976562,94.81396484375,94.79582214355469,94.77851867675781,94.76215362548828,94.7466812133789,94.73212432861328,94.71851348876953,94.7057876586914,94.69395446777344,17.0
535,95.13356018066406,94.87393188476562,94.8525619506836,94.83291625976562,94.81396484375,94.79582214355469,94.77851867675781,94.76215362548828,94.7466812133789,94.73212432861328,94.71851348876953,94.7057876586914,94.69395446777344,150.0
536,95.13356018066406,94.87393188476562,94.8525619506836,94.83291625976562,94.81396484375,94.79582214355469,94.77851867675781,94.76215362548828,94.7466812133789,94.73212432861328,94.71851348876953,94.7057876586914,94.69395446777344,150.0
537,95.13356018066406,94.87393188476562,94.8525619506836,94.83291625976562,94.81396484375,94.79582214355469,94.77851867675781,94.76215362548828,94.7466812133789,94.73212432861328,94.71851348876953,94.7057876586914,94.69395446777344,148.0
538,95.13356018066406,94.87393188476562,94.8525619506836,94.83291625976562,94.81396484375,94.79582214355469,94.77851867675781,94.76215362548828,94.7466812133789,94.73212432861328,94.71851348876953,94.7057876586914,94.69395446777344,128.0
539,95.13356018066406,94.87393188476562,94.8525619506836,94.83291625976562,94.81396484375,94.79582214355469,94.77851867675781,94.76215362548828,94.7466812133789,94.73212432861328,94.71851348876953,94.7057876586914,94.69395446777344,108.0
540,95.22164916992188,94.95249938964844,94.9348373413086,94.91796875,94.90164184570312,94.88597869873047,94.87100219726562,94.85679626464844,94.84333801269531,94.83065795898438,94.81877899169922,94.80764770507812,94.79727172851562,88.0
541,95.22164916992188,94.95249938964844,94.9348373413086,94.91796875,94.90164184570312,94.88597869873047,94.87100219726562,94.85679626464844,94.84333801269531,94.83065795898438,94.81877899169922,94.80764770507812,94.79727172851562,68.0
542,95.22164916992188,94.95249938964844,94.9348373413086,94.91796875,94.90164184570312,94.88597869873047,94.87100219726562,94.85679626464844,94.84333801269531,94.83065795898438,94.81877899169922,94.80764770507812,94.79727172851562,48.0
543,95.22164916992188,94.95249938964844,94.9348373413086,94.91796875,94.90164184570312,94.88597869873047,94.87100219726562,94.85679626464844,94.84333801269531,94.83065795898438,94.81877899169922,94.80764770507812,94.79727172851562,28.0
544,95.22164916992188,94.95249938964844,94.9348373413086,94.91796875,94.90164184570312,94.88597869873047,94.87100219726562,94.85679626464844,94.84333801269531,94.83065795898438,94.81877899169922,94.80764770507812,94.79727172851562,8.0
545,95.22164916992188,94.95249938964844,94.9348373413086,94.91796875,94.90164184570312,94.88597869873047,94.87100219726562,94.85679626464844,94.84333801269531,94.83065795898438,94.81877899169922,94.80764770507812,94.79727172851562,150.0
546,95.22164916992188,94.95249938964844,94.9348373413086,94.91796875,94.90164184570312,94.88597869873047,94.87100219726562,94.85679626464844,94.84333801269531,94.83065795898438,94.81877899169922,94.80764770507812,94.79727172851562,150.0
547,95.22164916992188,94.95249938964844,94.9348373413086,94.91796875,94.90164184570312,94.88597869873047,94.87100219726562,94.85679626464844,94.84333801269531,94.83065795898438,94.81877899169922,94.80764770507812,94.79727172851562,150.0
548,95.22164916992188,94.95249938964844,94.9348373413086,94.91796875,94.90164184570312,94.88597869873047,94.87100219726562,94.85679626464844,94.84333801269531,94.83065795898438,94.81877899169922,94.80764770507812,94.79727172851562,133.0
549,95.22164916992188,94.95249938964844,94.9348373413086,94.91796875,94.90164184570312,94.88597869873047,94.87100219726562,94.85679626464844,94.84333801269531,94.83065795898438,94.81877899169922,94.80764770507812,94.79727172851562,113.0
550,95.27613830566406,95.00273895263672,94.98878479003906,94.97479248046875,94.961181640625,94.94807434082031,94.93550109863281,94.92353820800781,94.91218566894531,94.90145111083984,94.89136505126953,94.88188934326172,94.873046875,93.0
551,95.27613830566406,95.00273895263672,94.98878479003906,94.97479248046875,94.961181640625,94.94807434082031,94.93550109863281,94.92353820800781,94.91218566894531,94.90145111083984,94.89136505126953,94.88188934326172,94.873046875,73.0
552,95.27613830566406,95.00273895263672,94.98878479003906,94.97479248046875,94.961181640625,94.94807434082031,94.93550109863281,94.92353820800781,94.91218566894531,94.90145111083984,94.89136505126953,94.88188934326172,94.873046875,53.0
553,95.27613830566406,95.00273895263672,94.98878479003906,94.97479248046875,94.961181640625,94.94807434082031,94.93550109863281,94.92353820800781,94.91218566894531,94.90145111083984,94.89136505126953,94.88188934326172,94.873046875,33.0
554,95.27613830566406,95.00273895263672,94.98878479003906,94.97479248046875,94.961181640625,94.94807434082031,94.93550109863281,94.92353820800781,94.91218566894531,94.90145111083984,94.89136505126953,94.88188934326172,94.873046875,13.0
555,95.27613830566406,95.00273895263672,94.98878479003906,94.97479248046875,94.961181640625,94.94807434082031,94.93550109863281,94.92353820800781,94.91218566894531,94.90145111083984,94.89136505126953,94.88188934326172,94.873046875,150.0
556,95.27613830566406,95.00273895263672,94.98878479003906,94.97479248046875,94.961181640625,94.94807434082031,94.93550109863281,94.92353820800781,94.91218566894531,94.90145111083984,94.89136505126953,94.88188934326172,94.873046875,150.0
557,95.27613830566406,95.00273895263672,94.98878479003906,94.97479248046875,94.961181640625,94.94807434082031,94.93550109863281,94.92353820800781,94.91218566894531,94.90145111083984,94.89136505126953,94.88188934326172,94.873046875,150.0
558,95.27613830566406,95.00273895263672,94.98878479003906,94.97479248046875,94.961181640625,94.94807434082031,94.93550109863281,94.92353820800781,94.91218566894531,94.90145111083984,94.89136505126953,94.88188934326172,94.873046875,133.0
559,95.27613830566406,95.00273895263672,94.98878479003906,94.97479248046875,94.961181640625,94.94807434082031,94.93550109863281,94.92353820800781,94.91218566894531,94.90145111083984,94.89136505126953,94.88188934326172,94.873046875,113.0
560,95.33782958984375,95.06463623046875,95.05416870117188,95.04286193847656,95.03182220458984,95.0211410522461,95.01081848144531,95.00099182128906,94.99162292480469,94.98272705078125,94.9743423461914,94.96644592285156,94.95904541015625,93.0
561,95.33782958984375,95.06463623046875,95.05416870117188,95.04286193847656,95.03182220458984,95.0211410522461,95.01081848144531,95.00099182128906,94.99162292480469,94.98272705078125,94.9743423461914,94.96644592285156,94.95904541015625,73.0
562,95.33782958984375,95.06463623046875,95.05416870117188,95.04286193847656,95.03182220458984,95.0211410522461,95.01081848144531,95.00099182128906,94.99162292480469,94.98272705078125,94.9743423461914,94.96644592285156,94.95904541015625,53.0
563,95.33782958984375,95.06463623046875,95.05416870117188,95.04286193847656,95.03182220458984,95.0211410522461,95.01081848144531,95.00099182128906,94.99162292480469,94.98272705078125,94.9743423461914,94.96644592285156,94.95904541015625,33.0
564,95.33782958984375,95.06463623046875,95.05416870117188,95.04286193847656,95.03182220458984,95.0211410522461,95.01081848144531,95.00099182128906,94.99162292480469,94.98272705078125,94.9743423461914,94.96644592285156,94.95904541015625,13.0
565,95.33782958984375,95.06463623046875,95.05416870117188,95.04286193847656,95.03182220458984,95.0211410522461,95.01081848144531,95.00099182128906,94.99162292480469,94.98272705078125,94.9743423461914,94.96644592285156,94.95904541015625,146.0
566,95.33782958984375,95.06463623046875,95.05416870117188,95.04286193847656,95.03182220458984,95.0211410522461,95.01081848144531,95.00099182128906,94.99162292480469,94.98272705078125,94.9743423461914,94.96644592285156,94.95904541015625,126.0
567,95.33782958984375,95.06463623046875,95.05416870117188,95.04286193847656,95.03182220458984,95.0211410522461,95.01081848144531,95.00099182128906,94.99162292480469,94.98272705078125,94.9743423461914,94.96644592285156,94.95904541015625,106.0
568,95.33782958984375,95.06463623046875,95.05416870117188,95.04286193847656,95.03182220458984,95.0211410522461,95.01081848144531,95.00099182128906,94.99162292480469,94.98272705078125,94.9743423461914,94.96644592285156,94.95904541015625,86.0
569,95.33782958984375,95.06463623046875,95.05416870117188,95.04286193847656,95.03182220458984,95.0211410522461,95.01081848144531,95.00099182128906,94.99162292480469,94.98272705078125,94.9743423461914,94.96644592285156,94.95904541015625,66.0
570,95.15031433105469,94.88385772705078,94.87800598144531,94.87057495117188,94.86322784423828,94.85602569580078,94.8489990234375,94.84224700927734,94.83573150634766,94.82952117919922,94.8236083984375,94.81800079345703,94.81271362304688,46.0
571,95.15031433105469,94.88385772705078,94.87800598144531,94.87057495117188,94.86322784423828,94.85602569580078,94.8489990234375,94.84224700927734,94.83573150634766,94.82952117919922,94.8236083984375,94.81800079345703,94.81271362304688,26.0
572,95.15031433105469,94.88385772705078,94.87800598144531,94.87057495117188,94.86322784423828,94.85602569580078,94.8489990234375,94.84224700927734,94.83573150634766,94.82952117919922,94.8236083984375,94.81800079345703,94.81271362304688,6.0
573,95.15031433105469,94.88385772705078,94.87800598144531,94.87057495117188,94.86322784423828,94.85602569580078,94.8489990234375,94.84224700927734,94.83573150634766,94.82952117919922,94.8236083984375,94.81800079345703,94.81271362304688,150.0
574,95.15031433105469,94.88385772705078,94.87800598144531,94.87057495117188,94.86322784423828,94.85602569580078,94.8489990234375,94.84224700927734,94.83573150634766,94.82952117919922,94.8236083984375,94.81800079345703,94.81271362304688,150.0
575,95.15031433105469,94.88385772705078,94.87800598144531,94.87057495117188,94.86322784423828,94.85602569580078,94.8489990234375,94.84224700927734,94.83573150634766,94.82952117919922,94.8236083984375,94.81800079345703,94.81271362304688,150.0
576,95.15031433105469,94.88385772705078,94.87800598144531,94.87057495117188,94.86322784423828,94.85602569580078,94.8489990234375,94.84224700927734,94.83573150634766,94.82952117919922,94.8236083984375,94.81800079345703,94.81271362304688,149.0
577,95.15031433105469,94.88385772705078,94.87800598144531,94.87057495117188,94.86322784423828,94.85602569580078,94.8489990234375,94.84224700927734,94.83573150634766,94.82952117919922,94.8236083984375,94.81800079345703,94.81271362304688,129.0
578,95.15031433105469,94.88385772705078,94.87800598144531,94.87057495117188,94.86322784423828,94.85602569580078,94.8489990234375,94.84224700927734,94.83573150634766,94.82952117919922,94.8236083984375,94.81800079345703,94.81271362304688,109.0
579,95.15031433105469,94.88385772705078,94.87800598144531,94.87057495117188,94.86322784423828,94.85602569580078,94.8489990234375,94.84224700927734,94.83573150634766,94.82952117919922,94.8236083984375,94.81800079345703,94.81271362304688,89.0
580,95.06206512451172,94.8049087524414,94.80284118652344,94.79855346679688,94.79420471191406,94.78983306884766,94.78547668457031,94.78121948242188,94.77705383300781,94.77301788330078,94.76911926269531,94.76538848876953,94.76182556152344,69.0
581,95.06206512451172,94.8049087524414,94.80284118652344,94.79855346679688,94.79420471191406,94.78983306884766,94.78547668457031,94.78121948242188,94.77705383300781,94.77301788330078,94.76911926269531,94.76538848876953,94.76182556152344,49.0
582,95.06206512451172,94.8049087524414,94.80284118652344,94.79855346679688,94.79420471191406,94.78983306884766,94.78547668457031,94.78121948242188,94.77705383300781,94.77301788330078,94.76911926269531,94.76538848876953,94.76182556152344,29.0
583,95.06206512451172,94.8049087524414,94.80284118652344,94.79855346679688,94.79420471191406,94.78983306884766,94.78547668457031,94.78121948242188,94.77705383300781,94.77301788330078,94.76911926269531,94.76538848876953,94.76182556152344,150.0
584,95.06206512451172,94.8049087524414,94.80284118652344,94.79855346679688,94.79420471191406,94.78983306884766,94.78547668457031,94.78121948242188,94.77705383300781,94.77301788330078,94.76911926269531,94.76538848876953,94.76182556152344,150.0
585,95.06206512451172,94.8049087524414,94.80284118652344,94.79855346679688,94.79420471191406,94.78983306884766,94.78547668457031,94.78121948242188,94.77705383300781,94.77301788330078,94.76911926269531,94.76538848876953,94.76182556152344,150.0
586,95.06206512451172,94.8049087524414,94.80284118652344,94.79855346679688,94.79420471191406,94.78983306884766,94.78547668457031,94.78121948242188,94.77705383300781,94.77301788330078,94.76911926269531,94.76538848876953,94.76182556152344,130.0
587,95.06206512451172,94.8049087524414,94.80284118652344,94.79855346679688,94.79420471191406,94.78983306884766,94.78547668457031,94.78121948242188,94.77705383300781,94.77301788330078,94.76911926269531,94.76538848876953,94.76182556152344,110.0
588,95.06206512451172,94.8049087524414,94.80284118652344,94.79855346679688,94.79420471191406,94.78983306884766,94.78547668457031,94.78121948242188,94.77705383300781,94.77301788330078,94.76911926269531,94.76538848876953,94.76182556152344,90.0
589,95.06206512451172,94.8049087524414,94.80284118652344,94.79855346679688,94.79420471191406,94.78983306884766,94.78547668457031,94.78121948242188,94.77705383300781,94.77301788330078,94.76911926269531,94.76538848876953,94.76182556152344,70.0
590,95.05369567871094,94.80813598632812,94.80906677246094,94.80729675292969,94.80532836914062,94.80320739746094,94.80097961425781,94.79872131347656,94.79643249511719,94.79412841796875,94.79185485839844,94.78961181640625,94.78743743896484,50.0
591,95.05369567871094,94.80813598632812,94.80906677246094,94.80729675292969,94.80532836914062,94.80320739746094,94.80097961425781,94.79872131347656,94.79643249511719,94.79412841796875,94.79185485839844,94.78961181640625,94.78743743896484,30.0
592,95.05369567871094,94.80813598632812,94.80906677246094,94.80729675292969,94.80532836914062,94.80320739746094,94.80097961425781,94.79872131347656,94.79643249511719,94.79412841796875,94.79185485839844,94.78961181640625,94.78743743896484,10.0
593,95.05369567871094,94.80813598632812,94.80906677246094,94.80729675292969,94.80532836914062,94.80320739746094,94.80097961425781,94.79872131347656,94.79643249511719,94.79412841796875,94.79185485839844,94.78961181640625,94.78743743896484,134.0
594,95.05369567871094,94.80813598632812,94.80906677246094,94.80729675292969,94.80532836914062,94.80320739746094,94.80097961425781,94.79872131347656,94.79643249511719,94.79412841796875,94.79185485839844,94.78961181640625,94.78743743896484,114.0
595,95.05369567871094,94.80813598632812,94.80906677246094,94.80729675292969,94.80532836914062,94.80320739746094,94.80097961425781,94.79872131347656,94.79643249511719,94.79412841796875,94.79185485839844,94.78961181640625,94.78743743896484,94.0
596,95.05369567871094,94.80813598632812,94.80906677246094,94.80729675292969,94.80532836914062,94.80320739746094,94.80097961425781,94.79872131347656,94.79643249511719,94.79412841796875,94.79185485839844,94.78961181640625,94.78743743896484,74.0
597,95.05369567871094,94.80813598632812,94.80906677246094,94.80729675292969,94.80532836914062,94.80320739746094,94.80097961425781,94.79872131347656,94.79643249511719,94.79412841796875,94.79185485839844,94.78961181640625,94.78743743896484,54.0
598,95.05369567871094,94.80813598632812,94.80906677246094,94.80729675292969,94.80532836914062,94.80320739746094,94.80097961425781,94.79872131347656,94.79643249511719,94.79412841796875,94.79185485839844,94.78961181640625,94.78743743896484,34.0
599,95.05369567871094,94.80813598632812,94.80906677246094,94.80729675292969,94.80532836914062,94.80320739746094,94.80097961425781,94.79872131347656,94.79643249511719,94.79412841796875,94.79185485839844,94.78961181640625,94.78743743896484,14.0
600,94.52266693115234,94.29612731933594,94.3026123046875,94.30584716796875,94.30865478515625,94.31105041503906,94.31309509277344,94.31484985351562,94.31629943847656,94.31751251220703,94.31846618652344,94.31922912597656,94.31980895996094,150.0
601,94.52266693115234,94.29612731933594,94.3026123046875,94.30584716796875,94.30865478515625,94.31105041503906,94.31309509277344,94.31484985351562,94.31629943847656,94.31751251220703,94.31846618652344,94.31922912597656,94.31980895996094,150.0
602,94.52266693115234,94.29612731933594,94.3026123046875,94.30584716796875,94.30865478515625,94.31105041503906,94.31309509277344,94.31484985351562,94.31629943847656,94.31751251220703,94.31846618652344,94.31922912597656,94.31980895996094,150.0
603,94.52266693115234,94.29612731933594,94.3026123046875,94.30584716796875,94.30865478515625,94.31105041503906,94.31309509277344,94.31484985351562,94.31629943847656,94.31751251220703,94.31846618652344,94.31922912597656,94.31980895996094,150.0
604,94.52266693115234,94.29612731933594,94.3026123046875,94.30584716796875,94.30865478515625,94.31105041503906,94.31309509277344,94.31484985351562,94.31629943847656,94.31751251220703,94.31846618652344,94.31922912597656,94.31980895996094,131.0
605,94.52266693115234,94.29612731933594,94.3026123046875,94.30584716796875,94.30865478515625,94.31105041503906,94.31309509277344,94.31484985351562,94.31629943847656,94.31751251220703,94.31846618652344,94.31922912597656,94.31980895996094,111.0
606,94.52266693115234,94.29612731933594,94.3026123046875,94.30584716796875,94.30865478515625,94.31105041503906,94.31309509277344,94.31484985351562,94.31629943847656,94.31751251220703,94.31846618652344,94.31922912597656,94.31980895996094,91.0
607,94.52266693115234,94.29612731933594,94.3026123046875,94.30584716796875,94.30865478515625,94.31105041503906,94.31309509277344,94.31484985351562,94.31629943847656,94.31751251220703,94.31846618652344,94.31922912597656,94.31980895996094,71.0
608,94.52266693115234,94.29612731933594,94.3026123046875,94.30584716796875,94.30865478515625,94.31105041503906,94.31309509277344,94.31484985351562,94.31629943847656,94.31751251220703,94.31846618652344,94.31922912597656,94.31980895996094,51.0
609,94.52266693115234,94.29612731933594,94.3026123046875,94.30584716796875,94.30865478515625,94.31105041503906,94.31309509277344,94.31484985351562,94.31629943847656,94.31751251220703,94.31846618652344,94.31922912597656,94.31980895996094,31.0
610,94.25981140136719,94.0517578125,94.06195068359375,94.06848907470703,94.074462890625,94.07984924316406,94.08472442626953,94.08914184570312,94.09310150146484,94.09662628173828,94.0997543334961,94.10252380371094,94.10496520996094,150.0
611,94.25981140136719,94.0517578125,94.06195068359375,94.06848907470703,94.074462890625,94.07984924316406,94.08472442626953,94.08914184570312,94.09310150146484,94.09662628173828,94.0997543334961,94.10252380371094,94.10496520996094,150.0
612,94.25981140136719,94.0517578125,94.06195068359375,94.06848907470703,94.074462890625,94.07984924316406,94.08472442626953,94.08914184570312,94.09310150146484,94.09662628173828,94.0997543334961,94.10252380371094,94.10496520996094,139.0
613,94.25981140136719,94.0517578125,94.06195068359375,94.06848907470703,94.074462890625,94.07984924316406,94.08472442626953,94.08914184570312,94.09310150146484,94.09662628173828,94.0997543334961,94.10252380371094,94.10496520996094,119.0
614,94.25981140136719,94.0517578125,94.06195068359375,94.06848907470703,94.074462890625,94.07984924316406,94.08472442626953,94.08914184570312,94.09310150146484,94.09662628173828,94.0997543334961,94.10252380371094,94.10496520996094,99.0
615,94.25981140136719,94.0517578125,94.06195068359375,94.06848907470703,94.074462890625,94.07984924316406,94.08472442626953,94.08914184570312,94.09310150146484,94.09662628173828,94.0997543334961,94.10252380371094,94.10496520996094,79.0
616,94.25981140136719,94.0517578125,94.06195068359375,94.06848907470703,94.074462890625,94.07984924316406,94.08472442626953,94.08914184570312,94.09310150146484,94.09662628173828,94.0997543334961,94.10252380371094,94.10496520996094,59.0
617,94.25981140136719,94.0517578125,94.06195068359375,94.06848907470703,94.074462890625,94.07984924316406,94.08472442626953,94.08914184570312,94.09310150146484,94.09662628173828,94.0997543334961,94.10252380371094,94.10496520996094,39.0
618,94.25981140136719,94.0517578125,94.06195068359375,94.06848907470703,94.074462890625,94.07984924316406,94.08472442626953,94.08914184570312,94.09310150146484,94.09662628173828,94.0997543334961,94.10252380371094,94.10496520996094,19.0
619,94.25981140136719,94.0517578125,94.06195068359375,94.06848907470703,94.074462890625,94.07984924316406,94.08472442626953,94.08914184570312,94.09310150146484,94.09662628173828,94.0997543334961,94.10252380371094,94.10496520996094,150.0
620,94.11514282226562,93.926025390625,93.93887329101562,93.94778442382812,93.95603942871094,93.9636001586914,93.97054290771484,93.97689056396484,93.98267364501953,93.98790740966797,93.99262237548828,93.99687194824219,94.00067138671875,145.0
621,94.11514282226562,93.926025390625,93.93887329101562,93.94778442382812,93.95603942871094,93.9636001586914,93.97054290771484,93.97689056396484,93.98267364501953,93.98790740966797,93.99262237548828,93.99687194824219,94.00067138671875,125.0
622,94.11514282226562,93.926025390625,93.93887329101562,93.94778442382812,93.95603942871094,93.9636001586914,93.97054290771484,93.97689056396484,93.98267364501953,93.98790740966797,93.99262237548828,93.99687194824219,94.00067138671875,105.0
623,94.11514282226562,93.926025390625,93.93887329101562,93.94778442382812,93.95603942871094,93.9636001586914,93.97054290771484,93.97689056396484,93.98267364501953,93.98790740966797,93.99262237548828,93.99687194824219,94.00067138671875,85.0
624,94.11514282226562,93.926025390625,93.93887329101562,93.94778442382812,93.95603942871094,93.9636001586914,93.97054290771484,93.97689056396484,93.98267364501953,93.98790740966797,93.99262237548828,93.99687194824219,94.00067138671875,65.0
625,94.11514282226562,93.926025390625,93.93887329101562,93.94778442382812,93.95603942871094,93.9636001586914,93.97054290771484,93.97689056396484,93.98267364501953,93.98790740966797,93.99262237548828,93.99687194824219,94.00067138671875,45.0
626,94.11514282226562,93.926025390625,93.93887329101562,93.94778442382812,93.95603942871094,93.9636001586914,93.97054290771484,93.97689056396484,93.98267364501953,93.98790740966797,93.99262237548828,93.99687194824219,94.00067138671875,25.0
627,94.11514282226562,93.926025390625,93.93887329101562,93.94778442382812,93.95603942871094,93.9636001586914,93.97054290771484,93.97689056396484,93.98267364501953,93.98790740966797,93.99262237548828,93.99687194824219,94.00067138671875,5.0
628,94.11514282226562,93.926025390625,93.93887329101562,93.94778442382812,93.95603942871094,93.9636001586914,93.97054290771484,93.97689056396484,93.98267364501953,93.98790740966797,93.99262237548828,93.99687194824219,94.00067138671875,150.0
629,94.11514282226562,93.926025390625,93.93887329101562,93.94778442382812,93.95603942871094,93.9636001586914,93.97054290771484,93.97689056396484,93.98267364501953,93.98790740966797,93.99262237548828,93.99687194824219,94.00067138671875,150.0
630,93.92254638671875,93.75382232666016,93.76918029785156,93.7804183959961,93.7908935546875,93.80056762695312,93.80952453613281,93.8177719116211,93.82533264160156,93.83224487304688,93.83851623535156,93.8442153930664,93.84935760498047,150.0
631,93.92254638671875,93.75382232666016,93.76918029785156,93.7804183959961,93.7908935546875,93.80056762695312,93.80952453613281,93.8177719116211,93.82533264160156,93.83224487304688,93.83851623535156,93.8442153930664,93.84935760498047,134.0
632,93.92254638671875,93.75382232666016,93.76918029785156,93.7804183959961,93.7908935546875,93.80056762695312,93.80952453613281,93.8177719116211,93.82533264160156,93.83224487304688,93.83851623535156,93.8442153930664,93.84935760498047,114.0
633,93.92254638671875,93.75382232666016,93.76918029785156,93.7804183959961,93.7908935546875,93.80056762695312,93.80952453613281,93.8177719116211,93.82533264160156,93.83224487304688,93.83851623535156,93.8442153930664,93.84935760498047,94.0
634,93.92254638671875,93.75382232666016,93.76918029785156,93.7804183959961,93.7908935546875,93.80056762695312,93.80952453613281,93.8177719116211,93.82533264160156,93.83224487304688,93.83851623535156,93.8442153930664,93.84935760498047,74.0
635,93.92254638671875,93.75382232666016,93.76918029785156,93.7804183959961,93.7908935546875,93.80056762695312,93.80952453613281,93.8177719116211,93.82533264160156,93.83224487304688,93.83851623535156,93.8442153930664,93.84935760498047,54.0
636,93.92254638671875,93.75382232666016,93.76918029785156,93.7804183959961,93.7908935546875,93.80056762695312,93.80952453613281,93.8177719116211,93.82533264160156,93.83224487304688,93.83851623535156,93.8442153930664,93.84935760498047,34.0
637,93.92254638671875,93.75382232666016,93.76918029785156,93.7804183959961,93.7908935546875,93.80056762695312,93.80952453613281,93.8177719116211,93.82533264160156,93.83224487304688,93.83851623535156,93.8442153930664,93.84935760498047,14.0
638,93.92254638671875,93.75382232666016,93.76918029785156,93.7804183959961,93.7908935546875,93.80056762695312,93.80952453613281,93.8177719116211,93.82533264160156,93.83224487304688,93.83851623535156,93.8442153930664,93.84935760498047,150.0
639,93.92254638671875,93.75382232666016,93.76918029785156,93.7804183959961,93.7908935546875,93.80056762695312,93.80952453613281,93.8177719116211,93.82533264160156,93.83224487304688,93.83851623535156,93.8442153930664,93.84935760498047,148.0
640,93.78984832763672,93.64165496826172,93.6588134765625,93.67174530029297,93.68384552001953,93.69509887695312,93.7055435180664,93.7152099609375,93.72410583496094,93.73226928710938,93.7397232055664,93.74651336669922,93.75267028808594,128.0
641,93.78984832763672,93.64165496826172,93.6588134765625,93.67174530029297,93.68384552001953,93.69509887695312,93.7055435180664,93.7152099609375,93.72410583496094,93.73226928710938,93.7397232055664,93.74651336669922,93.75267028808594,108.0
642,93.78984832763672,93.64165496826172,93.6588134765625,93.67174530029297,93.68384552001953,93.69509887695312,93.7055435180664,93.7152099609375,93.72410583496094,93.73226928710938,93.7397232055664,93.74651336669922,93.75267028808594,88.0
643,93.78984832763672,93.64165496826172,93.6588134765625,93.67174530029297,93.68384552001953,93.69509887695312,93.7055435180664,93.7152099609375,93.72410583496094,93.73226928710938,93.7397232055664,93.74651336669922,93.75267028808594,68.0
644,93.78984832763672,93.64165496826172,93.6588134765625,93.67174530029297,93.68384552001953,93.69509887695312,93.7055435180664,93.7152099609375,93.72410583496094,93.73226928710938,93.7397232055664,93.74651336669922,93.75267028808594,48.0
645,93.78984832763672,93.64165496826172,93.6588134765625,93.67174530029297,93.68384552001953,93.69509887695312,93.7055435180664,93.7152099609375,93.72410583496094,93.73226928710938,93.7397232055664,93.74651336669922,93.75267028808594,28.0
646,93.78984832763672,93.64165496826172,93.6588134765625,93.67174530029297,93.68384552001953,93.69509887695312,93.7055435180664,93.7152099609375,93.72410583496094,93.73226928710938,93.7397232055664,93.74651336669922,93.75267028808594,8.0
647,93.78984832763672,93.64165496826172,93.6588134765625,93.67174530029297,93.68384552001953,93.69509887695312,93.7055435180664,93.7152099609375,93.72410583496094,93.73226928710938,93.7397232055664,93.74651336669922,93.75267028808594,150.0
648,93.78984832763672,93.64165496826172,93.6588134765625,93.67174530029297,93.68384552001953,93.69509887695312,93.7055435180664,93.7152099609375,93.72410583496094,93.73226928710938,93.7397232055664,93.74651336669922,93.75267028808594,138.0
649,93.78984832763672,93.64165496826172,93.6588134765625,93.67174530029297,93.68384552001953,93.69509887695312,93.7055435180664,93.7152099609375,93.72410583496094,93.73226928710938,93.7397232055664,93.74651336669922,93.75267028808594,118.0
650,93.58584594726562,93.4590072631836,93.47795867919922,93.49266052246094,93.50645446777344,93.51932525634766,93.53132629394531,93.54244232177734,93.552734375,93.56220245361328,93.57087707519531,93.57881164550781,93.58601379394531,98.0
651,93.58584594726562,93.4590072631836,93.47795867919922,93.49266052246094,93.50645446777344,93.51932525634766,93.53132629394531,93.54244232177734,93.552734375,93.56220245361328,93.57087707519531,93.57881164550781,93.58601379394531,78.0
652,93.58584594726562,93.4590072631836,93.47795867919922,93.49266052246094,93.50645446777344,93.51932525634766,93.53132629394531,93.54244232177734,93.552734375,93.56220245361328,93.57087707519531,93.57881164550781,93.58601379394531,58.0
653,93.58584594726562,93.4590072631836,93.47795867919922,93.49266052246094,93.50645446777344,93.51932525634766,93.53132629394531,93.54244232177734,93.552734375,93.56220245361328,93.57087707519531,93.57881164550781,93.58601379394531,38.0
654,93.58584594726562,93.4590072631836,93.47795867919922,93.49266052246094,93.50645446777344,93.51932525634766,93.53132629394531,93.54244232177734,93.552734375,93.56220245361328,93.57087707519531,93.57881164550781,93.58601379394531,18.0
655,93.58584594726562,93.4590072631836,93.47795867919922,93.49266052246094,93.50645446777344,93.51932525634766,93.53132629394531,93.54244232177734,93.552734375,93.56220245361328,93.57087707519531,93.57881164550781,93.58601379394531,150.0
656,93.58584594726562,93.4590072631836,93.47795867919922,93.49266052246094,93.50645446777344,93.51932525634766,93.53132629394531,93.54244232177734,93.552734375,93.56220245361328,93.57087707519531,93.57881164550781,93.58601379394531,150.0
657,93.58584594726562,93.4590072631836,93.47795867919922,93.49266052246094,93.50645446777344,93.51932525634766,93.53132629394531,93.54244232177734,93.552734375,93.56220245361328,93.57087707519531,93.57881164550781,93.58601379394531,150.0
658,93.58584594726562,93.4590072631836,93.47795867919922,93.49266052246094,93.50645446777344,93.51932525634766,93.53132629394531,93.54244232177734,93.552734375,93.56220245361328,93.57087707519531,93.57881164550781,93.58601379394531,133.0
659,93.58584594726562,93.4590072631836,93.47795867919922,93.49266052246094,93.50645446777344,93.51932525634766,93.53132629394531,93.54244232177734,93.552734375,93.56220245361328,93.57087707519531,93.57881164550781,93.58601379394531,113.0
660,93.47810363769531,93.37178802490234,93.39166259765625,93.4073257446289,93.42205810546875,93.43584442138672,93.44873809814453,93.460693359375,93.4718017578125,93.4820327758789,93.49143981933594,93.50004577636719,93.50788879394531,93.0
661,93.47810363769531,93.37178802490234,93.39166259765625,93.4073257446289,93.42205810546875,93.43584442138672,93.44873809814453,93.460693359375,93.4718017578125,93.4820327758789,93.49143981933594,93.50004577636719,93.50788879394531,73.0
662,93.47810363769531,93.37178802490234,93.39166259765625,93.4073257446289,93.42205810546875,93.43584442138672,93.44873809814453,93.460693359375,93.4718017578125,93.4820327758789,93.49143981933594,93.50004577636719,93.50788879394531,53.0
663,93.47810363769531,93.37178802490234,93.39166259765625,93.4073257446289,93.42205810546875,93.43584442138672,93.44873809814453,93.460693359375,93.4718017578125,93.4820327758789,93.49143981933594,93.50004577636719,93.50788879394531,33.0
664,93.47810363769531,93.37178802490234,93.39166259765625,93.4073257446289,93.42205810546875,93.43584442138672,93.44873809814453,93.460693359375,93.4718017578125,93.4820327758789,93.49143981933594,93.50004577636719,93.50788879394531,13.0
665,93.47810363769531,93.37178802490234,93.39166259765625,93.4073257446289,93.42205810546875,93.43584442138672,93.44873809814453,93.460693359375,93.4718017578125,93.4820327758789,93.49143981933594,93.50004577636719,93.50788879394531,150.0
666,93.47810363769531,93.37178802490234,93.39166259765625,93.4073257446289,93.42205810546875,93.43584442138672,93.44873809814453,93.460693359375,93.4718017578125,93.4820327758789,93.49143981933594,93.50004577636719,93.50788879394531,150.0
667,93.47810363769531,93.37178802490234,93.39166259765625,93.4073257446289,93.42205810546875,93.43584442138672,93.44873809814453,93.460693359375,93.4718017578125,93.4820327758789,93.49143981933594,93.50004577636719,93.50788879394531,150.0
668,93.47810363769531,93.37178802490234,93.39166259765625,93.4073257446289,93.42205810546875,93.43584442138672,93.44873809814453,93.460693359375,93.4718017578125,93.4820327758789,93.49143981933594,93.50004577636719,93.50788879394531,137.0
669,93.47810363769531,93.37178802490234,93.39166259765625,93.4073257446289,93.42205810546875,93.43584442138672,93.44873809814453,93.460693359375,93.4718017578125,93.4820327758789,93.49143981933594,93.50004577636719,93.50788879394531,117.0
670,93.43286895751953,93.34619140625,93.3663101196289,93.3823471069336,93.3974609375,93.41163635253906,93.4249038696289,93.437255859375,93.44872283935547,93.45932006835938,93.46906280517578,93.47801208496094,93.48617553710938,97.0
671,93.43286895751953,93.34619140625,93.3663101196289,93.3823471069336,93.3974609375,93.41163635253906,93.4249038696289,93.437255859375,93.44872283935547,93.45932006835938,93.46906280517578,93.47801208496094,93.48617553710938,77.0
672,93.43286895751953,93.34619140625,93.3663101196289,93.3823471069336,93.3974609375,93.41163635253906,93.4249038696289,93.437255859375,93.44872283935547,93.45932006835938,93.46906280517578,93.47801208496094,93.48617553710938,57.0
673,93.43286895751953,93.34619140625,93.3663101196289,93.3823471069336,93.3974609375,93.41163635253906,93.4249038696289,93.437255859375,93.44872283935547,93.45932006835938,93.46906280517578,93.47801208496094,93.48617553710938,37.0
674,93.43286895751953,93.34619140625,93.3663101196289,93.3823471069336,93.3974609375,93.41163635253906,93.4249038696289,93.437255859375,93.44872283935547,93.45932006835938,93.46906280517578,93.47801208496094,93.48617553710938,17.0
675,93.43286895751953,93.34619140625,93.3663101196289,93.3823471069336,93.3974609375,93.41163635253906,93.4249038696289,93.437255859375,93.44872283935547,93.45932006835938,93.46906280517578,93.47801208496094,93.48617553710938,134.0
676,93.43286895751953,93.34619140625,93.3663101196289,93.3823471069336,93.3974609375,93.41163635253906,93.4249038696289,93.437255859375,93.44872283935547,93.45932006835938,93.46906280517578,93.47801208496094,93.48617553710938,114.0
677,93.43286895751953,93.34619140625,93.3663101196289,93.3823471069336,93.3974609375,93.41163635253906,93.4249038696289,93.437255859375,93.44872283935547,93.45932006835938,93.46906280517578,93.47801208496094,93.48617553710938,94.0
678,93.43286895751953,93.34619140625,93.3663101196289,93.3823471069336,93.3974609375,93.41163635253906,93.4249038696289,93.437255859375,93.44872283935547,93.45932006835938,93.46906280517578,93.47801208496094,93.48617553710938,74.0
679,93.43286895751953,93.34619140625,93.3663101196289,93.3823471069336,93.3974609375,93.41163635253906,93.4249038696289,93.437255859375,93.44872283935547,93.45932006835938,93.46906280517578,93.47801208496094,93.48617553710938,54.0
680,93.12140655517578,93.05570983886719,93.07719421386719,93.09468078613281,93.1112060546875,93.12674713134766,93.1413345336914,93.15493774414062,93.1675796508789,93.17930603027344,93.19010162353516,93.20001983642578,93.2091064453125,34.0
681,93.12140655517578,93.05570983886719,93.07719421386719,93.09468078613281,93.1112060546875,93.12674713134766,93.1413345336914,93.15493774414062,93.1675796508789,93.17930603027344,93.19010162353516,93.20001983642578,93.2091064453125,14.0
682,93.12140655517578,93.05570983886719,93.07719421386719,93.09468078613281,93.1112060546875,93.12674713134766,93.1413345336914,93.15493774414062,93.1675796508789,93.17930603027344,93.19010162353516,93.20001983642578,93.2091064453125,115.0
683,93.12140655517578,93.05570983886719,93.07719421386719,93.09468078613281,93.1112060546875,93.12674713134766,93.1413345336914,93.15493774414062,93.1675796508789,93.17930603027344,93.19010162353516,93.20001983642578,93.2091064453125,95.0
684,93.12140655517578,93.05570983886719,93.07719421386719,93.09468078613281,93.1112060546875,93.12674713134766,93.1413345336914,93.15493774414062,93.1675796508789,93.17930603027344,93.19010162353516,93.20001983642578,93.2091064453125,75.0
685,93.12140655517578,93.05570983886719,93.07719421386719,93.09468078613281,93.1112060546875,93.12674713134766,93.1413345336914,93.15493774414062,93.1675796508789,93.17930603027344,93.19010162353516,93.20001983642578,93.2091064453125,55.0
686,93.12140655517578,93.05570983886719,93.07719421386719,93.09468078613281,93.1112060546875,93.12674713134766,93.1413345336914,93.15493774414062,93.1675796508789,93.17930603027344,93.19010162353516,93.20001983642578,93.2091064453125,35.0
687,93.12140655517578,93.05570983886719,93.07719421386719,93.09468078613281,93.1112060546875,93.12674713134766,93.1413345336914,93.15493774414062,93.1675796508789,93.17930603027344,93.19010162353516,93.20001983642578,93.2091064453125,15.0
688,93.12140655517578,93.05570983886719,93.07719421386719,93.09468078613281,93.1112060546875,93.12674713134766,93.1413345336914,93.15493774414062,93.1675796508789,93.17930603027344,93.19010162353516,93.20001983642578,93.2091064453125,135.0
689,93.12140655517578,93.05570983886719,93.07719421386719,93.09468078613281,93.1112060546875,93.12674713134766,93.1413345336914,93.15493774414062,93.1675796508789,93.17930603027344,93.19010162353516,93.20001983642578,93.2091064453125,115.0
690,92.47608947753906,92.43276977539062,92.45706939697266,92.47744750976562,92.49674987792969,92.51494598388672,92.53205108642578,92.54803466796875,92.56292724609375,92.57676696777344,92.58952331542969,92.60128784179688,92.61207580566406,95.0
691,92.47608947753906,92.43276977539062,92.45706939697266,92.47744750976562,92.49674987792969,92.51494598388672,92.53205108642578,92.54803466796875,92.56292724609375,92.57676696777344,92.58952331542969,92.60128784179688,92.61207580566406,75.0
692,92.47608947753906,92.43276977539062,92.45706939697266,92.47744750976562,92.49674987792969,92.51494598388672,92.53205108642578,92.54803466796875,92.56292724609375,92.57676696777344,92.58952331542969,92.60128784179688,92.61207580566406,55.0
693,92.47608947753906,92.43276977539062,92.45706939697266,92.47744750976562,92.49674987792969,92.51494598388672,92.53205108642578,92.54803466796875,92.56292724609375,92.57676696777344,92.58952331542969,92.60128784179688,92.61207580566406,35.0
694,92.47608947753906,92.43276977539062,92.45706939697266,92.47744750976562,92.49674987792969,92.51494598388672,92.53205108642578,92.54803466796875,92.56292724609375,92.57676696777344,92.58952331542969,92.60128784179688,92.61207580566406,15.0
695,92.47608947753906,92.43276977539062,92.45706939697266,92.47744750976562,92.49674987792969,92.51494598388672,92.53205108642578,92.54803466796875,92.56292724609375,92.57676696777344,92.58952331542969,92.60128784179688,92.61207580566406,150.0
696,92.47608947753906,92.43276977539062,92.45706939697266,92.47744750976562,92.49674987792969,92.51494598388672,92.53205108642578,92.54803466796875,92.56292724609375,92.57676696777344,92.58952331542969,92.60128784179688,92.61207580566406,150.0
697,92.47608947753906,92.43276977539062,92.45706939697266,92.47744750976562,92.49674987792969,92.51494598388672,92.53205108642578,92.54803466796875,92.56292724609375,92.57676696777344,92.58952331542969,92.60128784179688,92.61207580566406,150.0
698,92.47608947753906,92.43276977539062,92.45706939697266,92.47744750976562,92.49674987792969,92.51494598388672,92.53205108642578,92.54803466796875,92.56292724609375,92.57676696777344,92.58952331542969,92.60128784179688,92.61207580566406,150.0
699,92.47608947753906,92.43276977539062,92.45706939697266,92.47744750976562,92.49674987792969,92.51494598388672,92.53205108642578,92.54803466796875,92.56292724609375,92.57676696777344,92.58952331542969,92.60128784179688,92.61207580566406,150.0
700,92.04653930664062,92.0228500366211,92.04852294921875,92.07042694091797,92.0912094116211,92.11083984375,92.12932586669922,92.14662170410156,92.16276550292969,92.17776489257812,92.19163513183594,92.20442199707031,92.21617126464844,150.0
701,92.04653930664062,92.0228500366211,92.04852294921875,92.07042694091797,92.0912094116211,92.11083984375,92.12932586669922,92.14662170410156,92.16276550292969,92.17776489257812,92.19163513183594,92.20442199707031,92.21617126464844,143.0
702,92.04653930664062,92.0228500366211,92.04852294921875,92.07042694091797,92.0912094116211,92.11083984375,92.12932586669922,92.14662170410156,92.16276550292969,92.17776489257812,92.19163513183594,92.20442199707031,92.21617126464844,123.0
703,92.04653930664062,92.0228500366211,92.04852294921875,92.07042694091797,92.0912094116211,92.11083984375,92.12932586669922,92.14662170410156,92.16276550292969,92.17776489257812,92.19163513183594,92.20442199707031,92.21617126464844,103.0
704,92.04653930664062,92.0228500366211,92.04852294921875,92.07042694091797,92.0912094116211,92.11083984375,92.12932586669922,92.14662170410156,92.16276550292969,92.17776489257812,92.19163513183594,92.20442199707031,92.21617126464844,83.0
705,92.04653930664062,92.0228500366211,92.04852294921875,92.07042694091797,92.0912094116211,92.11083984375,92.12932586669922,92.14662170410156,92.16276550292969,92.17776489257812,92.19163513183594,92.20442199707031,92.21617126464844,150.0
706,92.04653930664062,92.0228500366211,92.04852294921875,92.07042694091797,92.0912094116211,92.11083984375,92.12932586669922,92.14662170410156,92.16276550292969,92.17776489257812,92.19163513183594,92.20442199707031,92.21617126464844,150.0
707,92.04653930664062,92.0228500366211,92.04852294921875,92.07042694091797,92.0912094116211,92.11083984375,92.12932586669922,92.14662170410156,92.16276550292969,92.17776489257812,92.19163513183594,92.20442199707031,92.21617126464844,150.0
708,92.04653930664062,92.0228500366211,92.04852294921875,92.07042694091797,92.0912094116211,92.11083984375,92.12932586669922,92.14662170410156,92.16276550292969,92.17776489257812,92.19163513183594,92.20442199707031,92.21617126464844,150.0
709,92.04653930664062,92.0228500366211,92.04852294921875,92.07042694091797,92.0912094116211,92.11083984375,92.12932586669922,92.14662170410156,92.16276550292969,92.17776489257812,92.19163513183594,92.20442199707031,92.21617126464844,150.0
710,92.30359649658203,92.29356384277344,92.31673431396484,92.33647918701172,92.35525512695312,92.37300109863281,92.38975524902344,92.40544128417969,92.42009735107422,92.43374633789062,92.44635009765625,92.4580078125,92.4687271118164,150.0
711,92.30359649658203,92.29356384277344,92.31673431396484,92.33647918701172,92.35525512695312,92.37300109863281,92.38975524902344,92.40544128417969,92.42009735107422,92.43374633789062,92.44635009765625,92.4580078125,92.4687271118164,150.0
712,92.30359649658203,92.29356384277344,92.31673431396484,92.33647918701172,92.35525512695312,92.37300109863281,92.38975524902344,92.40544128417969,92.42009735107422,92.43374633789062,92.44635009765625,92.4580078125,92.4687271118164,150.0
713,92.30359649658203,92.29356384277344,92.31673431396484,92.33647918701172,92.35525512695312,92.37300109863281,92.38975524902344,92.40544128417969,92.42009735107422,92.43374633789062,92.44635009765625,92.4580078125,92.4687271118164,150.0
714,92.30359649658203,92.29356384277344,92.31673431396484,92.33647918701172,92.35525512695312,92.37300109863281,92.38975524902344,92.40544128417969,92.42009735107422,92.43374633789062,92.44635009765625,92.4580078125,92.4687271118164,136.0
715,92.30359649658203,92.29356384277344,92.31673431396484,92.33647918701172,92.35525512695312,92.37300109863281,92.38975524902344,92.40544128417969,92.42009735107422,92.43374633789062,92.44635009765625,92.4580078125,92.4687271118164,150.0
716,92.30359649658203,92.29356384277344,92.31673431396484,92.33647918701172,92.35525512695312,92.37300109863281,92.38975524902344,92.40544128417969,92.42009735107422,92.43374633789062,92.44635009765625,92.4580078125,92.4687271118164,150.0
717,92.30359649658203,92.29356384277344,92.31673431396484,92.33647918701172,92.35525512695312,92.37300109863281,92.38975524902344,92.40544128417969,92.42009735107422,92.43374633789062,92.44635009765625,92.4580078125,92.4687271118164,142.0
718,92.30359649658203,92.29356384277344,92.31673431396484,92.33647918701172,92.35525512695312,92.37300109863281,92.38975524902344,92.40544128417969,92.42009735107422,92.43374633789062,92.44635009765625,92.4580078125,92.4687271118164,122.0
719,92.30359649658203,92.29356384277344,92.31673431396484,92.33647918701172,92.35525512695312,92.37300109863281,92.38975524902344,92.40544128417969,92.42009735107422,92.43374633789062,92.44635009765625,92.4580078125,92.4687271118164,102.0
720,93.2490463256836,93.24678039550781,93.26356506347656,93.2774887084961,93.29076385498047,93.3033447265625,93.31523895263672,93.32640075683594,93.33685302734375,93.34660339355469,93.35562896728516,93.36396789550781,93.37165832519531,82.0
721,93.2490463256836,93.24678039550781,93.26356506347656,93.2774887084961,93.29076385498047,93.3033447265625,93.31523895263672,93.32640075683594,93.33685302734375,93.34660339355469,93.35562896728516,93.36396789550781,93.37165832519531,62.0
722,93.2490463256836,93.24678039550781,93.26356506347656,93.2774887084961,93.29076385498047,93.3033447265625,93.31523895263672,93.32640075683594,93.33685302734375,93.34660339355469,93.35562896728516,93.36396789550781,93.37165832519531,42.0
723,93.2490463256836,93.24678039550781,93.26356506347656,93.2774887084961,93.29076385498047,93.3033447265625,93.31523895263672,93.32640075683594,93.33685302734375,93.34660339355469,93.35562896728516,93.36396789550781,93.37165832519531,22.0
724,93.2490463256836,93.24678039550781,93.26356506347656,93.2774887084961,93.29076385498047,93.3033447265625,93.31523895263672,93.32640075683594,93.33685302734375,93.34660339355469,93.35562896728516,93.36396789550781,93.37165832519531,2.0
725,93.2490463256836,93.24678039550781,93.26356506347656,93.2774887084961,93.29076385498047,93.3033447265625,93.31523895263672,93.32640075683594,93.33685302734375,93.34660339355469,93.35562896728516,93.36396789550781,93.37165832519531,136.0
726,93.2490463256836,93.24678039550781,93.26356506347656,93.2774887084961,93.29076385498047,93.3033447265625,93.31523895263672,93.32640075683594,93.33685302734375,93.34660339355469,93.35562896728516,93.36396789550781,93.37165832519531,116.0
727,93.2490463256836,93.24678039550781,93.26356506347656,93.2774887084961,93.29076385498047,93.3033447265625,93.31523895263672,93.32640075683594,93.33685302734375,93.34660339355469,93.35562896728516,93.36396789550781,93.37165832519531,96.0
728,93.2490463256836,93.24678039550781,93.26356506347656,93.2774887084961,93.29076385498047,93.3033447265625,93.31523895263672,93.32640075683594,93.33685302734375,93.34660339355469,93.35562896728516,93.36396789550781,93.37165832519531,76.0
729,93.2490463256836,93.24678039550781,93.26356506347656,93.2774887084961,93.29076385498047,93.3033447265625,93.31523895263672,93.32640075683594,93.33685302734375,93.34660339355469,93.35562896728516,93.36396789550781,93.37165832519531,56.0
730,93.73825073242188,93.74542236328125,93.75811767578125,93.7684097290039,93.77825927734375,93.78764343261719,93.79653930664062,93.80491638183594,93.81278228759766,93.82013702392578,93.82696533203125,93.83329772949219,93.83912658691406,36.0
731,93.73825073242188,93.74542236328125,93.75811767578125,93.7684097290039,93.77825927734375,93.78764343261719,93.79653930664062,93.80491638183594,93.81278228759766,93.82013702392578,93.82696533203125,93.83329772949219,93.83912658691406,16.0
732,93.73825073242188,93.74542236328125,93.75811767578125,93.7684097290039,93.77825927734375,93.78764343261719,93.79653930664062,93.80491638183594,93.81278228759766,93.82013702392578,93.82696533203125,93.83329772949219,93.83912658691406,150.0
733,93.73825073242188,93.74542236328125,93.75811767578125,93.7684097290039,93.77825927734375,93.78764343261719,93.79653930664062,93.80491638183594,93.81278228759766,93.82013702392578,93.82696533203125,93.83329772949219,93.83912658691406,145.0
734,93.73825073242188,93.74542236328125,93.75811767578125,93.7684097290039,93.77825927734375,93.78764343261719,93.79653930664062,93.80491638183594,93.81278228759766,93.82013702392578,93.82696533203125,93.83329772949219,93.83912658691406,125.0
735,93.73825073242188,93.74542236328125,93.75811767578125,93.7684097290039,93.77825927734375,93.78764343261719,93.79653930664062,93.80491638183594,93.81278228759766,93.82013702392578,93.82696533203125,93.83329772949219,93.83912658691406,105.0
736,93.73825073242188,93.74542236328125,93.75811767578125,93.7684097290039,93.77825927734375,93.78764343261719,93.79653930664062,93.80491638183594,93.81278228759766,93.82013702392578,93.82696533203125,93.83329772949219,93.83912658691406,85.0
737,93.73825073242188,93.74542236328125,93.75811767578125,93.7684097290039,93.77825927734375,93.78764343261719,93.79653930664062,93.80491638183594,93.81278228759766,93.82013702392578,93.82696533203125,93.83329772949219,93.83912658691406,65.0
738,93.73825073242188,93.74542236328125,93.75811767578125,93.7684097290039,93.77825927734375,93.78764343261719,93.79653930664062,93.80491638183594,93.81278228759766,93.82013702392578,93.82696533203125,93.83329772949219,93.83912658691406,45.0
739,93.73825073242188,93.74542236328125,93.75811767578125,93.7684097290039,93.77825927734375,93.78764343261719,93.79653930664062,93.80491638183594,93.81278228759766,93.82013702392578,93.82696533203125,93.83329772949219,93.83912658691406,25.0
740,93.96762084960938,93.98461151123047,93.99456024169922,94.00250244140625,94.01016235351562,94.01748657226562,94.02446746826172,94.03107452392578,94.03730773925781,94.04315185546875,94.048583984375,94.05364990234375,94.0583267211914,5.0
741,93.96762084960938,93.98461151123047,93.99456024169922,94.00250244140625,94.01016235351562,94.01748657226562,94.02446746826172,94.03107452392578,94.03730773925781,94.04315185546875,94.048583984375,94.05364990234375,94.0583267211914,150.0
742,93.96762084960938,93.98461151123047,93.99456024169922,94.00250244140625,94.01016235351562,94.01748657226562,94.02446746826172,94.03107452392578,94.03730773925781,94.04315185546875,94.048583984375,94.05364990234375,94.0583267211914,150.0
743,93.96762084960938,93.98461151123047,93.99456024169922,94.00250244140625,94.01016235351562,94.01748657226562,94.02446746826172,94.03107452392578,94.03730773925781,94.04315185546875,94.048583984375,94.05364990234375,94.0583267211914,140.0
744,93.96762084960938,93.98461151123047,93.99456024169922,94.00250244140625,94.01016235351562,94.01748657226562,94.02446746826172,94.03107452392578,94.03730773925781,94.04315185546875,94.048583984375,94.05364990234375,94.0583267211914,120.0
745,93.96762084960938,93.98461151123047,93.99456024169922,94.00250244140625,94.01016235351562,94.01748657226562,94.02446746826172,94.03107452392578,94.03730773925781,94.04315185546875,94.048583984375,94.05364990234375,94.0583267211914,100.0
746,93.96762084960938,93.98461151123047,93.99456024169922,94.00250244140625,94.01016235351562,94.01748657226562,94.02446746826172,94.03107452392578,94.03730773925781,94.04315185546875,94.048583984375,94.05364990234375,94.0583267211914,80.0
747,93.96762084960938,93.98461151123047,93.99456024169922,94.00250244140625,94.01016235351562,94.01748657226562,94.02446746826172,94.03107452392578,94.03730773925781,94.04315185546875,94.048583984375,94.05364990234375,94.0583267211914,60.0
748,93.96762084960938,93.98461151123047,93.99456024169922,94.00250244140625,94.01016235351562,94.01748657226562,94.02446746826172,94.03107452392578,94.03730773925781,94.04315185546875,94.048583984375,94.05364990234375,94.0583267211914,40.0
749,93.96762084960938,93.98461151123047,93.99456024169922,94.00250244140625,94.01016235351562,94.01748657226562,94.02446746826172,94.03107452392578,94.03730773925781,94.04315185546875,94.048583984375,94.05364990234375,94.0583267211914,20.0
750,94.06143951416016,94.08775329589844,94.09568786621094,94.10198974609375,94.10811614990234,94.11399841308594,94.1196517944336,94.12503814697266,94.130126953125,94.13494110107422,94.13941955566406,94.14361572265625,94.14750671386719,0.0
