,0,1,2,3,4,5,6,7,8,9,10,11,12,13,14
0,97.43930053710938,92.3253402709961,92.43115997314453,92.43707275390625,92.44239807128906,92.44630432128906,92.44923400878906,92.45147705078125,92.45332336425781,92.4548568725586,92.45622253417969,92.45748138427734,92.45867919921875,92.45982360839844,150.0
1,97.43930053710938,92.3253402709961,92.43115997314453,92.43707275390625,92.44239807128906,92.44630432128906,92.44923400878906,92.45147705078125,92.45332336425781,92.4548568725586,92.45622253417969,92.45748138427734,92.45867919921875,92.45982360839844,150.0
2,97.43930053710938,92.3253402709961,92.43115997314453,92.43707275390625,92.44239807128906,92.44630432128906,92.44923400878906,92.45147705078125,92.45332336425781,92.4548568725586,92.45622253417969,92.45748138427734,92.45867919921875,92.45982360839844,132.0
3,97.43930053710938,92.3253402709961,92.43115997314453,92.43707275390625,92.44239807128906,92.44630432128906,92.44923400878906,92.45147705078125,92.45332336425781,92.4548568725586,92.45622253417969,92.45748138427734,92.45867919921875,92.45982360839844,112.0
4,97.43930053710938,92.3253402709961,92.43115997314453,92.43707275390625,92.44239807128906,92.44630432128906,92.44923400878906,92.45147705078125,92.45332336425781,92.4548568725586,92.45622253417969,92.45748138427734,92.45867919921875,92.45982360839844,92.0
5,97.43930053710938,92.3253402709961,92.43115997314453,92.43707275390625,92.44239807128906,92.44630432128906,92.44923400878906,92.45147705078125,92.45332336425781,92.4548568725586,92.45622253417969,92.45748138427734,92.45867919921875,92.45982360839844,72.0
6,97.43930053710938,92.3253402709961,92.43115997314453,92.43707275390625,92.44239807128906,92.44630432128906,92.44923400878906,92.45147705078125,92.45332336425781,92.4548568725586,92.45622253417969,92.45748138427734,92.45867919921875,92.45982360839844,52.0
7,97.43930053710938,92.3253402709961,92.43115997314453,92.43707275390625,92.44239807128906,92.44630432128906,92.44923400878906,92.45147705078125,92.45332336425781,92.4548568725586,92.45622253417969,92.45748138427734,92.45867919921875,92.45982360839844,32.0
8,97.43930053710938,92.3253402709961,92.43115997314453,92.43707275390625,92.44239807128906,92.44630432128906,92.44923400878906,92.45147705078125,92.45332336425781,92.4548568725586,92.45622253417969,92.45748138427734,92.45867919921875,92.45982360839844,12.0
9,97.43930053710938,92.3253402709961,92.43115997314453,92.43707275390625,92.44239807128906,92.44630432128906,92.44923400878906,92.45147705078125,92.45332336425781,92.4548568725586,92.45622253417969,92.45748138427734,92.45867919921875,92.45982360839844,150.0
10,95.97535705566406,90.99073028564453,91.10114288330078,91.11434936523438,91.12448120117188,91.13182830810547,91.13731384277344,91.14153289794922,91.14497375488281,91.14788055419922,91.15046691894531,91.15284729003906,91.15507507324219,91.15723419189453,139.0
11,95.97535705566406,90.99073028564453,91.10114288330078,91.11434936523438,91.12448120117188,91.13182830810547,91.13731384277344,91.14153289794922,91.14497375488281,91.14788055419922,91.15046691894531,91.15284729003906,91.15507507324219,91.15723419189453,119.0
12,95.97535705566406,90.99073028564453,91.10114288330078,91.11434936523438,91.12448120117188,91.13182830810547,91.13731384277344,91.14153289794922,91.14497375488281,91.14788055419922,91.15046691894531,91.15284729003906,91.15507507324219,91.15723419189453,99.0
13,95.97535705566406,90.99073028564453,91.10114288330078,91.11434936523438,91.12448120117188,91.13182830810547,91.13731384277344,91.14153289794922,91.14497375488281,91.14788055419922,91.15046691894531,91.15284729003906,91.15507507324219,91.15723419189453,79.0
14,95.97535705566406,90.99073028564453,91.10114288330078,91.11434936523438,91.12448120117188,91.13182830810547,91.13731384277344,91.14153289794922,91.14497375488281,91.14788055419922,91.15046691894531,91.15284729003906,91.15507507324219,91.15723419189453,59.0
15,95.97535705566406,90.99073028564453,91.10114288330078,91.11434936523438,91.12448120117188,91.13182830810547,91.13731384277344,91.14153289794922,91.14497375488281,91.14788055419922,91.15046691894531,91.15284729003906,91.15507507324219,91.15723419189453,39.0
16,95.97535705566406,90.99073028564453,91.10114288330078,91.11434936523438,91.12448120117188,91.13182830810547,91.13731384277344,91.14153289794922,91.14497375488281,91.14788055419922,91.15046691894531,91.15284729003906,91.15507507324219,91.15723419189453,19.0
17,95.97535705566406,90.99073028564453,91.10114288330078,91.11434936523438,91.12448120117188,91.13182830810547,91.13731384277344,91.14153289794922,91.14497375488281,91.14788055419922,91.15046691894531,91.15284729003906,91.15507507324219,91.15723419189453,150.0
18,95.97535705566406,90.99073028564453,91.10114288330078,91.11434936523438,91.12448120117188,91.13182830810547,91.13731384277344,91.14153289794922,91.14497375488281,91.14788055419922,91.15046691894531,91.15284729003906,91.15507507324219,91.15723419189453,149.0
19,95.97535705566406,90.99073028564453,91.10114288330078,91.11434936523438,91.12448120117188,91.13182830810547,91.13731384277344,91.14153289794922,91.14497375488281,91.14788055419922,91.15046691894531,91.15284729003906,91.15507507324219,91.15723419189453,129.0
20,94.7081298828125,89.92638397216797,90.03724670410156,90.05561828613281,90.0691146850586,90.07891082763672,90.08622741699219,90.09184265136719,90.09644317626953,90.100341796875,90.10382080078125,90.1070327758789,90.11002349853516,90.11290740966797,109.0
21,94.7081298828125,89.92638397216797,90.03724670410156,90.05561828613281,90.0691146850586,90.07891082763672,90.08622741699219,90.09184265136719,90.09644317626953,90.100341796875,90.10382080078125,90.1070327758789,90.11002349853516,90.11290740966797,89.0
22,94.7081298828125,89.92638397216797,90.03724670410156,90.05561828613281,90.0691146850586,90.07891082763672,90.08622741699219,90.09184265136719,90.09644317626953,90.100341796875,90.10382080078125,90.1070327758789,90.11002349853516,90.11290740966797,69.0
23,94.7081298828125,89.92638397216797,90.03724670410156,90.05561828613281,90.0691146850586,90.07891082763672,90.08622741699219,90.09184265136719,90.09644317626953,90.100341796875,90.10382080078125,90.1070327758789,90.11002349853516,90.11290740966797,49.0
24,94.7081298828125,89.92638397216797,90.03724670410156,90.05561828613281,90.0691146850586,90.07891082763672,90.08622741699219,90.09184265136719,90.09644317626953,90.100341796875,90.10382080078125,90.1070327758789,90.11002349853516,90.11290740966797,29.0
25,94.7081298828125,89.92638397216797,90.03724670410156,90.05561828613281,90.0691146850586,90.07891082763672,90.08622741699219,90.09184265136719,90.09644317626953,90.100341796875,90.10382080078125,90.1070327758789,90.11002349853516,90.11290740966797,9.0
26,94.7081298828125,89.92638397216797,90.03724670410156,90.05561828613281,90.0691146850586,90.07891082763672,90.08622741699219,90.09184265136719,90.09644317626953,90.100341796875,90.10382080078125,90.1070327758789,90.11002349853516,90.11290740966797,150.0
27,94.7081298828125,89.92638397216797,90.03724670410156,90.05561828613281,90.0691146850586,90.07891082763672,90.08622741699219,90.09184265136719,90.09644317626953,90.100341796875,90.10382080078125,90.1070327758789,90.11002349853516,90.11290740966797,148.0
28,94.7081298828125,89.92638397216797,90.03724670410156,90.05561828613281,90.0691146850586,90.07891082763672,90.08622741699219,90.09184265136719,90.09644317626953,90.100341796875,90.10382080078125,90.1070327758789,90.11002349853516,90.11290740966797,128.0
29,94.7081298828125,89.92638397216797,90.03724670410156,90.05561828613281,90.0691146850586,90.07891082763672,90.08622741699219,90.09184265136719,90.09644317626953,90.100341796875,90.10382080078125,90.1070327758789,90.11002349853516,90.11290740966797,108.0
30,93.4648208618164,88.95513916015625,89.0641860961914,89.08671569824219,89.10295104980469,89.11473846435547,89.12355041503906,89.13035583496094,89.13591003417969,89.14066314697266,89.14488983154297,89.14881134033203,89.1524658203125,89.1559829711914,88.0
31,93.4648208618164,88.95513916015625,89.0641860961914,89.08671569824219,89.10295104980469,89.11473846435547,89.12355041503906,89.13035583496094,89.13591003417969,89.14066314697266,89.14488983154297,89.14881134033203,89.1524658203125,89.1559829711914,68.0
32,93.4648208618164,88.95513916015625,89.0641860961914,89.08671569824219,89.10295104980469,89.11473846435547,89.12355041503906,89.13035583496094,89.13591003417969,89.14066314697266,89.14488983154297,89.14881134033203,89.1524658203125,89.1559829711914,48.0
33,93.4648208618164,88.95513916015625,89.0641860961914,89.08671569824219,89.10295104980469,89.11473846435547,89.12355041503906,89.13035583496094,89.13591003417969,89.14066314697266,89.14488983154297,89.14881134033203,89.1524658203125,89.1559829711914,28.0
34,93.4648208618164,88.95513916015625,89.0641860961914,89.08671569824219,89.10295104980469,89.11473846435547,89.12355041503906,89.13035583496094,89.13591003417969,89.14066314697266,89.14488983154297,89.14881134033203,89.1524658203125,89.1559829711914,8.0
35,93.4648208618164,88.95513916015625,89.0641860961914,89.08671569824219,89.10295104980469,89.11473846435547,89.12355041503906,89.13035583496094,89.13591003417969,89.14066314697266,89.14488983154297,89.14881134033203,89.1524658203125,89.1559829711914,150.0
36,93.4648208618164,88.95513916015625,89.0641860961914,89.08671569824219,89.10295104980469,89.11473846435547,89.12355041503906,89.13035583496094,89.13591003417969,89.14066314697266,89.14488983154297,89.14881134033203,89.1524658203125,89.1559829711914,150.0
37,93.4648208618164,88.95513916015625,89.0641860961914,89.08671569824219,89.10295104980469,89.11473846435547,89.12355041503906,89.13035583496094,89.13591003417969,89.14066314697266,89.14488983154297,89.14881134033203,89.1524658203125,89.1559829711914,150.0
38,93.4648208618164,88.95513916015625,89.0641860961914,89.08671569824219,89.10295104980469,89.11473846435547,89.12355041503906,89.13035583496094,89.13591003417969,89.14066314697266,89.14488983154297,89.14881134033203,89.1524658203125,89.1559829711914,150.0
39,93.4648208618164,88.95513916015625,89.0641860961914,89.08671569824219,89.10295104980469,89.11473846435547,89.12355041503906,89.13035583496094,89.13591003417969,89.14066314697266,89.14488983154297,89.14881134033203,89.1524658203125,89.1559829711914,150.0
40,92.45529174804688,88.26106262207031,88.364990234375,88.3897476196289,88.40740203857422,88.42021179199219,88.4298095703125,88.43722534179688,88.44331359863281,88.44849395751953,88.453125,88.4574203491211,88.46143341064453,88.46529388427734,139.0
41,92.45529174804688,88.26106262207031,88.364990234375,88.3897476196289,88.40740203857422,88.42021179199219,88.4298095703125,88.43722534179688,88.44331359863281,88.44849395751953,88.453125,88.4574203491211,88.46143341064453,88.46529388427734,119.0
42,92.45529174804688,88.26106262207031,88.364990234375,88.3897476196289,88.40740203857422,88.42021179199219,88.4298095703125,88.43722534179688,88.44331359863281,88.44849395751953,88.453125,88.4574203491211,88.46143341064453,88.46529388427734,99.0
43,92.45529174804688,88.26106262207031,88.364990234375,88.3897476196289,88.40740203857422,88.42021179199219,88.4298095703125,88.43722534179688,88.44331359863281,88.44849395751953,88.453125,88.4574203491211,88.46143341064453,88.46529388427734,79.0
44,92.45529174804688,88.26106262207031,88.364990234375,88.3897476196289,88.40740203857422,88.42021179199219,88.4298095703125,88.43722534179688,88.44331359863281,88.44849395751953,88.453125,88.4574203491211,88.46143341064453,88.46529388427734,59.0
45,92.45529174804688,88.26106262207031,88.364990234375,88.3897476196289,88.40740203857422,88.42021179199219,88.4298095703125,88.43722534179688,88.44331359863281,88.44849395751953,88.453125,88.4574203491211,88.46143341064453,88.46529388427734,130.0
46,92.45529174804688,88.26106262207031,88.364990234375,88.3897476196289,88.40740203857422,88.42021179199219,88.4298095703125,88.43722534179688,88.44331359863281,88.44849395751953,88.453125,88.4574203491211,88.46143341064453,88.46529388427734,110.0
47,92.45529174804688,88.26106262207031,88.364990234375,88.3897476196289,88.40740203857422,88.42021179199219,88.4298095703125,88.43722534179688,88.44331359863281,88.44849395751953,88.453125,88.4574203491211,88.46143341064453,88.46529388427734,90.0
48,92.45529174804688,88.26106262207031,88.364990234375,88.3897476196289,88.40740203857422,88.42021179199219,88.4298095703125,88.43722534179688,88.44331359863281,88.44849395751953,88.453125,88.4574203491211,88.46143341064453,88.46529388427734,70.0
49,92.45529174804688,88.26106262207031,88.364990234375,88.3897476196289,88.40740203857422,88.42021179199219,88.4298095703125,88.43722534179688,88.44331359863281,88.44849395751953,88.453125,88.4574203491211,88.46143341064453,88.46529388427734,50.0
50,91.5888442993164,87.7467269897461,87.84336853027344,87.86904907226562,87.88722229003906,87.90043640136719,87.91031646728516,87.91796875,87.92424011230469,87.92959594726562,87.93440246582031,87.9388427734375,87.94300079345703,87.94698333740234,30.0
51,91.5888442993164,87.7467269897461,87.84336853027344,87.86904907226562,87.88722229003906,87.90043640136719,87.91031646728516,87.91796875,87.92424011230469,87.92959594726562,87.93440246582031,87.9388427734375,87.94300079345703,87.94698333740234,10.0
52,91.5888442993164,87.7467269897461,87.84336853027344,87.86904907226562,87.88722229003906,87.90043640136719,87.91031646728516,87.91796875,87.92424011230469,87.92959594726562,87.93440246582031,87.9388427734375,87.94300079345703,87.94698333740234,150.0
53,91.5888442993164,87.7467269897461,87.84336853027344,87.86904907226562,87.88722229003906,87.90043640136719,87.91031646728516,87.91796875,87.92424011230469,87.92959594726562,87.93440246582031,87.9388427734375,87.94300079345703,87.94698333740234,150.0
54,91.5888442993164,87.7467269897461,87.84336853027344,87.86904907226562,87.88722229003906,87.90043640136719,87.91031646728516,87.91796875,87.92424011230469,87.92959594726562,87.93440246582031,87.9388427734375,87.94300079345703,87.94698333740234,141.0
55,91.5888442993164,87.7467269897461,87.84336853027344,87.86904907226562,87.88722229003906,87.90043640136719,87.91031646728516,87.91796875,87.92424011230469,87.92959594726562,87.93440246582031,87.9388427734375,87.94300079345703,87.94698333740234,121.0
56,91.5888442993164,87.7467269897461,87.84336853027344,87.86904907226562,87.88722229003906,87.90043640136719,87.91031646728516,87.91796875,87.92424011230469,87.92959594726562,87.93440246582031,87.9388427734375,87.94300079345703,87.94698333740234,101.0
57,91.5888442993164,87.7467269897461,87.84336853027344,87.86904907226562,87.88722229003906,87.90043640136719,87.91031646728516,87.91796875,87.92424011230469,87.92959594726562,87.93440246582031,87.9388427734375,87.94300079345703,87.94698333740234,81.0
58,91.5888442993164,87.7467269897461,87.84336853027344,87.86904907226562,87.88722229003906,87.90043640136719,87.91031646728516,87.91796875,87.92424011230469,87.92959594726562,87.93440246582031,87.9388427734375,87.94300079345703,87.94698333740234,61.0
59,91.5888442993164,87.7467269897461,87.84336853027344,87.86904907226562,87.88722229003906,87.90043640136719,87.91031646728516,87.91796875,87.92424011230469,87.92959594726562,87.93440246582031,87.9388427734375,87.94300079345703,87.94698333740234,41.0
60,90.75867462158203,87.29997253417969,87.3882064819336,87.41416931152344,87.43240356445312,87.4456787109375,87.45561218261719,87.46332550048828,87.46964263916016,87.47505187988281,87.47990417480469,87.48439025878906,87.48860168457031,87.49262237548828,21.0
61,90.75867462158203,87.29997253417969,87.3882064819336,87.41416931152344,87.43240356445312,87.4456787109375,87.45561218261719,87.46332550048828,87.46964263916016,87.47505187988281,87.47990417480469,87.48439025878906,87.48860168457031,87.49262237548828,1.0
62,90.75867462158203,87.29997253417969,87.3882064819336,87.41416931152344,87.43240356445312,87.4456787109375,87.45561218261719,87.46332550048828,87.46964263916016,87.47505187988281,87.47990417480469,87.48439025878906,87.48860168457031,87.49262237548828,150.0
63,90.75867462158203,87.29997253417969,87.3882064819336,87.41416931152344,87.43240356445312,87.4456787109375,87.45561218261719,87.46332550048828,87.46964263916016,87.47505187988281,87.47990417480469,87.48439025878906,87.48860168457031,87.49262237548828,150.0
64,90.75867462158203,87.29997253417969,87.3882064819336,87.41416931152344,87.43240356445312,87.4456787109375,87.45561218261719,87.46332550048828,87.46964263916016,87.47505187988281,87.47990417480469,87.48439025878906,87.48860168457031,87.49262237548828,150.0
65,90.75867462158203,87.29997253417969,87.3882064819336,87.41416931152344,87.43240356445312,87.4456787109375,87.45561218261719,87.46332550048828,87.46964263916016,87.47505187988281,87.47990417480469,87.48439025878906,87.48860168457031,87.49262237548828,142.0
66,90.75867462158203,87.29997253417969,87.3882064819336,87.41416931152344,87.43240356445312,87.4456787109375,87.45561218261719,87.46332550048828,87.46964263916016,87.47505187988281,87.47990417480469,87.48439025878906,87.48860168457031,87.49262237548828,122.0
67,90.75867462158203,87.29997253417969,87.3882064819336,87.41416931152344,87.43240356445312,87.4456787109375,87.45561218261719,87.46332550048828,87.46964263916016,87.47505187988281,87.47990417480469,87.48439025878906,87.48860168457031,87.49262237548828,102.0
68,90.75867462158203,87.29997253417969,87.3882064819336,87.41416931152344,87.43240356445312,87.4456787109375,87.45561218261719,87.46332550048828,87.46964263916016,87.47505187988281,87.47990417480469,87.48439025878906,87.48860168457031,87.49262237548828,82.0
69,90.75867462158203,87.29997253417969,87.3882064819336,87.41416931152344,87.43240356445312,87.4456787109375,87.45561218261719,87.46332550048828,87.46964263916016,87.47505187988281,87.47990417480469,87.48439025878906,87.48860168457031,87.49262237548828,62.0
70,90.1479263305664,87.08486938476562,87.16278076171875,87.18761444091797,87.2049789428711,87.21759033203125,87.22703552246094,87.23435974121094,87.2403335571289,87.24547576904297,87.25006866455078,87.25431823730469,87.25831604003906,87.26212310791016,42.0
71,90.1479263305664,87.08486938476562,87.16278076171875,87.18761444091797,87.2049789428711,87.21759033203125,87.22703552246094,87.23435974121094,87.2403335571289,87.24547576904297,87.25006866455078,87.25431823730469,87.25831604003906,87.26212310791016,22.0
72,90.1479263305664,87.08486938476562,87.16278076171875,87.18761444091797,87.2049789428711,87.21759033203125,87.22703552246094,87.23435974121094,87.2403335571289,87.24547576904297,87.25006866455078,87.25431823730469,87.25831604003906,87.26212310791016,150.0
73,90.1479263305664,87.08486938476562,87.16278076171875,87.18761444091797,87.2049789428711,87.21759033203125,87.22703552246094,87.23435974121094,87.2403335571289,87.24547576904297,87.25006866455078,87.25431823730469,87.25831604003906,87.26212310791016,150.0
74,90.1479263305664,87.08486938476562,87.16278076171875,87.18761444091797,87.2049789428711,87.21759033203125,87.22703552246094,87.23435974121094,87.2403335571289,87.24547576904297,87.25006866455078,87.25431823730469,87.25831604003906,87.26212310791016,150.0
75,90.1479263305664,87.08486938476562,87.16278076171875,87.18761444091797,87.2049789428711,87.21759033203125,87.22703552246094,87.23435974121094,87.2403335571289,87.24547576904297,87.25006866455078,87.25431823730469,87.25831604003906,87.26212310791016,150.0
76,90.1479263305664,87.08486938476562,87.16278076171875,87.18761444091797,87.2049789428711,87.21759033203125,87.22703552246094,87.23435974121094,87.2403335571289,87.24547576904297,87.25006866455078,87.25431823730469,87.25831604003906,87.26212310791016,140.0
77,90.1479263305664,87.08486938476562,87.16278076171875,87.18761444091797,87.2049789428711,87.21759033203125,87.22703552246094,87.23435974121094,87.2403335571289,87.24547576904297,87.25006866455078,87.25431823730469,87.25831604003906,87.26212310791016,120.0
78,90.1479263305664,87.08486938476562,87.16278076171875,87.18761444091797,87.2049789428711,87.21759033203125,87.22703552246094,87.23435974121094,87.2403335571289,87.24547576904297,87.25006866455078,87.25431823730469,87.25831604003906,87.26212310791016,100.0
79,90.1479263305664,87.08486938476562,87.16278076171875,87.18761444091797,87.2049789428711,87.21759033203125,87.22703552246094,87.23435974121094,87.2403335571289,87.24547576904297,87.25006866455078,87.25431823730469,87.25831604003906,87.26212310791016,80.0
80,89.96034240722656,87.28846740722656,87.3532485961914,87.37480926513672,87.38975524902344,87.40057373046875,87.40860748291016,87.41480255126953,87.41983032226562,87.42413330078125,87.42794799804688,87.43148040771484,87.43479919433594,87.43795776367188,60.0
81,89.96034240722656,87.28846740722656,87.3532485961914,87.37480926513672,87.38975524902344,87.40057373046875,87.40860748291016,87.41480255126953,87.41983032226562,87.42413330078125,87.42794799804688,87.43148040771484,87.43479919433594,87.43795776367188,40.0
82,89.96034240722656,87.28846740722656,87.3532485961914,87.37480926513672,87.38975524902344,87.40057373046875,87.40860748291016,87.41480255126953,87.41983032226562,87.42413330078125,87.42794799804688,87.43148040771484,87.43479919433594,87.43795776367188,150.0
83,89.96034240722656,87.28846740722656,87.3532485961914,87.37480926513672,87.38975524902344,87.40057373046875,87.40860748291016,87.41480255126953,87.41983032226562,87.42413330078125,87.42794799804688,87.43148040771484,87.43479919433594,87.43795776367188,130.0
84,89.96034240722656,87.28846740722656,87.3532485961914,87.37480926513672,87.38975524902344,87.40057373046875,87.40860748291016,87.41480255126953,87.41983032226562,87.42413330078125,87.42794799804688,87.43148040771484,87.43479919433594,87.43795776367188,110.0
85,89.96034240722656,87.28846740722656,87.3532485961914,87.37480926513672,87.38975524902344,87.40057373046875,87.40860748291016,87.41480255126953,87.41983032226562,87.42413330078125,87.42794799804688,87.43148040771484,87.43479919433594,87.43795776367188,90.0
86,89.96034240722656,87.28846740722656,87.3532485961914,87.37480926513672,87.38975524902344,87.40057373046875,87.40860748291016,87.41480255126953,87.41983032226562,87.42413330078125,87.42794799804688,87.43148040771484,87.43479919433594,87.43795776367188,70.0
87,89.96034240722656,87.28846740722656,87.3532485961914,87.37480926513672,87.38975524902344,87.40057373046875,87.40860748291016,87.41480255126953,87.41983032226562,87.42413330078125,87.42794799804688,87.43148040771484,87.43479919433594,87.43795776367188,50.0
88,89.96034240722656,87.28846740722656,87.3532485961914,87.37480926513672,87.38975524902344,87.40057373046875,87.40860748291016,87.41480255126953,87.41983032226562,87.42413330078125,87.42794799804688,87.43148040771484,87.43479919433594,87.43795776367188,30.0
89,89.96034240722656,87.28846740722656,87.3532485961914,87.37480926513672,87.38975524902344,87.40057373046875,87.40860748291016,87.41480255126953,87.41983032226562,87.42413330078125,87.42794799804688,87.43148040771484,87.43479919433594,87.43795776367188,10.0
90,89.5084228515625,87.24510192871094,87.29840087890625,87.31771087646484,87.33097839355469,87.34058380126953,87.34768676757812,87.35313415527344,87.3575439453125,87.3613052368164,87.36463165283203,87.36773681640625,87.37062072753906,87.37337493896484,143.0
91,89.5084228515625,87.24510192871094,87.29840087890625,87.31771087646484,87.33097839355469,87.34058380126953,87.34768676757812,87.35313415527344,87.3575439453125,87.3613052368164,87.36463165283203,87.36773681640625,87.37062072753906,87.37337493896484,123.0
92,89.5084228515625,87.24510192871094,87.29840087890625,87.31771087646484,87.33097839355469,87.34058380126953,87.34768676757812,87.35313415527344,87.3575439453125,87.3613052368164,87.36463165283203,87.36773681640625,87.37062072753906,87.37337493896484,103.0
93,89.5084228515625,87.24510192871094,87.29840087890625,87.31771087646484,87.33097839355469,87.34058380126953,87.34768676757812,87.35313415527344,87.3575439453125,87.3613052368164,87.36463165283203,87.36773681640625,87.37062072753906,87.37337493896484,83.0
94,89.5084228515625,87.24510192871094,87.29840087890625,87.31771087646484,87.33097839355469,87.34058380126953,87.34768676757812,87.35313415527344,87.3575439453125,87.3613052368164,87.36463165283203,87.36773681640625,87.37062072753906,87.37337493896484,63.0
95,89.5084228515625,87.24510192871094,87.29840087890625,87.31771087646484,87.33097839355469,87.34058380126953,87.34768676757812,87.35313415527344,87.3575439453125,87.3613052368164,87.36463165283203,87.36773681640625,87.37062072753906,87.37337493896484,43.0
96,89.5084228515625,87.24510192871094,87.29840087890625,87.31771087646484,87.33097839355469,87.34058380126953,87.34768676757812,87.35313415527344,87.3575439453125,87.3613052368164,87.36463165283203,87.36773681640625,87.37062072753906,87.37337493896484,23.0
97,89.5084228515625,87.24510192871094,87.29840087890625,87.31771087646484,87.33097839355469,87.34058380126953,87.34768676757812,87.35313415527344,87.3575439453125,87.3613052368164,87.36463165283203,87.36773681640625,87.37062072753906,87.37337493896484,3.0
98,89.5084228515625,87.24510192871094,87.29840087890625,87.31771087646484,87.33097839355469,87.34058380126953,87.34768676757812,87.35313415527344,87.3575439453125,87.3613052368164,87.36463165283203,87.36773681640625,87.37062072753906,87.37337493896484,150.0
99,89.5084228515625,87.24510192871094,87.29840087890625,87.31771087646484,87.33097839355469,87.34058380126953,87.34768676757812,87.35313415527344,87.3575439453125,87.3613052368164,87.36463165283203,87.36773681640625,87.37062072753906,87.37337493896484,140.0
100,89.06538391113281,87.20874786376953,87.25078582763672,87.2677230834961,87.27926635742188,87.28758239746094,87.2937240600586,87.29840850830078,87.30218505859375,87.3053970336914,87.30824279785156,87.31087493896484,87.31333923339844,87.31568145751953,120.0
101,89.06538391113281,87.20874786376953,87.25078582763672,87.2677230834961,87.27926635742188,87.28758239746094,87.2937240600586,87.29840850830078,87.30218505859375,87.3053970336914,87.30824279785156,87.31087493896484,87.31333923339844,87.31568145751953,100.0
102,89.06538391113281,87.20874786376953,87.25078582763672,87.2677230834961,87.27926635742188,87.28758239746094,87.2937240600586,87.29840850830078,87.30218505859375,87.3053970336914,87.30824279785156,87.31087493896484,87.31333923339844,87.31568145751953,80.0
103,89.06538391113281,87.20874786376953,87.25078582763672,87.2677230834961,87.27926635742188,87.28758239746094,87.2937240600586,87.29840850830078,87.30218505859375,87.3053970336914,87.30824279785156,87.31087493896484,87.31333923339844,87.31568145751953,60.0
104,89.06538391113281,87.20874786376953,87.25078582763672,87.2677230834961,87.27926635742188,87.28758239746094,87.2937240600586,87.29840850830078,87.30218505859375,87.3053970336914,87.30824279785156,87.31087493896484,87.31333923339844,87.31568145751953,40.0
105,89.06538391113281,87.20874786376953,87.25078582763672,87.2677230834961,87.27926635742188,87.28758239746094,87.2937240600586,87.29840850830078,87.30218505859375,87.3053970336914,87.30824279785156,87.31087493896484,87.31333923339844,87.31568145751953,20.0
106,89.06538391113281,87.20874786376953,87.25078582763672,87.2677230834961,87.27926635742188,87.28758239746094,87.2937240600586,87.29840850830078,87.30218505859375,87.3053970336914,87.30824279785156,87.31087493896484,87.31333923339844,87.31568145751953,0.0
107,89.06538391113281,87.20874786376953,87.25078582763672,87.2677230834961,87.27926635742188,87.28758239746094,87.2937240600586,87.29840850830078,87.30218505859375,87.3053970336914,87.30824279785156,87.31087493896484,87.31333923339844,87.31568145751953,150.0
108,89.06538391113281,87.20874786376953,87.25078582763672,87.2677230834961,87.27926635742188,87.28758239746094,87.2937240600586,87.29840850830078,87.30218505859375,87.3053970336914,87.30824279785156,87.31087493896484,87.31333923339844,87.31568145751953,150.0
109,89.06538391113281,87.20874786376953,87.25078582763672,87.2677230834961,87.27926635742188,87.28758239746094,87.2937240600586,87.29840850830078,87.30218505859375,87.3053970336914,87.30824279785156,87.31087493896484,87.31333923339844,87.31568145751953,147.0
110,88.62600708007812,87.16737365722656,87.1986083984375,87.21315002441406,87.22297668457031,87.23003387451172,87.23521423339844,87.23916625976562,87.24232482910156,87.2449951171875,87.24736785888672,87.24955749511719,87.25160217285156,87.2535400390625,127.0
111,88.62600708007812,87.16737365722656,87.1986083984375,87.21315002441406,87.22297668457031,87.23003387451172,87.23521423339844,87.23916625976562,87.24232482910156,87.2449951171875,87.24736785888672,87.24955749511719,87.25160217285156,87.2535400390625,107.0
112,88.62600708007812,87.16737365722656,87.1986083984375,87.21315002441406,87.22297668457031,87.23003387451172,87.23521423339844,87.23916625976562,87.24232482910156,87.2449951171875,87.24736785888672,87.24955749511719,87.25160217285156,87.2535400390625,87.0
113,88.62600708007812,87.16737365722656,87.1986083984375,87.21315002441406,87.22297668457031,87.23003387451172,87.23521423339844,87.23916625976562,87.24232482910156,87.2449951171875,87.24736785888672,87.24955749511719,87.25160217285156,87.2535400390625,67.0
114,88.62600708007812,87.16737365722656,87.1986083984375,87.21315002441406,87.22297668457031,87.23003387451172,87.23521423339844,87.23916625976562,87.24232482910156,87.2449951171875,87.24736785888672,87.24955749511719,87.25160217285156,87.2535400390625,47.0
115,88.62600708007812,87.16737365722656,87.1986083984375,87.21315002441406,87.22297668457031,87.23003387451172,87.23521423339844,87.23916625976562,87.24232482910156,87.2449951171875,87.24736785888672,87.24955749511719,87.25160217285156,87.2535400390625,27.0
116,88.62600708007812,87.16737365722656,87.1986083984375,87.21315002441406,87.22297668457031,87.23003387451172,87.23521423339844,87.23916625976562,87.24232482910156,87.2449951171875,87.24736785888672,87.24955749511719,87.25160217285156,87.2535400390625,7.0
117,88.62600708007812,87.16737365722656,87.1986083984375,87.21315002441406,87.22297668457031,87.23003387451172,87.23521423339844,87.23916625976562,87.24232482910156,87.2449951171875,87.24736785888672,87.24955749511719,87.25160217285156,87.2535400390625,150.0
118,88.62600708007812,87.16737365722656,87.1986083984375,87.21315002441406,87.22297668457031,87.23003387451172,87.23521423339844,87.23916625976562,87.24232482910156,87.2449951171875,87.24736785888672,87.24955749511719,87.25160217285156,87.2535400390625,150.0
119,88.62600708007812,87.16737365722656,87.1986083984375,87.21315002441406,87.22297668457031,87.23003387451172,87.23521423339844,87.23916625976562,87.24232482910156,87.2449951171875,87.24736785888672,87.24955749511719,87.25160217285156,87.2535400390625,149.0
120,88.28687286376953,87.20915985107422,87.22958374023438,87.24138641357422,87.24922180175781,87.25483703613281,87.2589111328125,87.26199340820312,87.2644271850586,87.26648712158203,87.26828002929688,87.26995849609375,87.27149963378906,87.2729721069336,129.0
121,88.28687286376953,87.20915985107422,87.22958374023438,87.24138641357422,87.24922180175781,87.25483703613281,87.2589111328125,87.26199340820312,87.2644271850586,87.26648712158203,87.26828002929688,87.26995849609375,87.27149963378906,87.2729721069336,109.0
122,88.28687286376953,87.20915985107422,87.22958374023438,87.24138641357422,87.24922180175781,87.25483703613281,87.2589111328125,87.26199340820312,87.2644271850586,87.26648712158203,87.26828002929688,87.26995849609375,87.27149963378906,87.2729721069336,89.0
123,88.28687286376953,87.20915985107422,87.22958374023438,87.24138641357422,87.24922180175781,87.25483703613281,87.2589111328125,87.26199340820312,87.2644271850586,87.26648712158203,87.26828002929688,87.26995849609375,87.27149963378906,87.2729721069336,69.0
124,88.28687286376953,87.20915985107422,87.22958374023438,87.24138641357422,87.24922180175781,87.25483703613281,87.2589111328125,87.26199340820312,87.2644271850586,87.26648712158203,87.26828002929688,87.26995849609375,87.27149963378906,87.2729721069336,49.0
125,88.28687286376953,87.20915985107422,87.22958374023438,87.24138641357422,87.24922180175781,87.25483703613281,87.2589111328125,87.26199340820312,87.2644271850586,87.26648712158203,87.26828002929688,87.26995849609375,87.27149963378906,87.2729721069336,29.0
126,88.28687286376953,87.20915985107422,87.22958374023438,87.24138641357422,87.24922180175781,87.25483703613281,87.2589111328125,87.26199340820312,87.2644271850586,87.26648712158203,87.26828002929688,87.26995849609375,87.27149963378906,87.2729721069336,9.0
127,88.28687286376953,87.20915985107422,87.22958374023438,87.24138641357422,87.24922180175781,87.25483703613281,87.2589111328125,87.26199340820312,87.2644271850586,87.26648712158203,87.26828002929688,87.26995849609375,87.27149963378906,87.2729721069336,150.0
128,88.28687286376953,87.20915985107422,87.22958374023438,87.24138641357422,87.24922180175781,87.25483703613281,87.2589111328125,87.26199340820312,87.2644271850586,87.26648712158203,87.26828002929688,87.26995849609375,87.27149963378906,87.2729721069336,150.0
129,88.28687286376953,87.20915985107422,87.22958374023438,87.24138641357422,87.24922180175781,87.25483703613281,87.2589111328125,87.26199340820312,87.2644271850586,87.26648712158203,87.26828002929688,87.26995849609375,87.27149963378906,87.2729721069336,135.0
130,88.0433120727539,87.32518005371094,87.33500671386719,87.34376525878906,87.34944152832031,87.35344696044922,87.35631561279297,87.35841369628906,87.36005401611328,87.36141204833984,87.36257934570312,87.36366271972656,87.3646469116211,87.3656005859375,115.0
131,88.0433120727539,87.32518005371094,87.33500671386719,87.34376525878906,87.34944152832031,87.35344696044922,87.35631561279297,87.35841369628906,87.36005401611328,87.36141204833984,87.36257934570312,87.36366271972656,87.3646469116211,87.3656005859375,95.0
132,88.0433120727539,87.32518005371094,87.33500671386719,87.34376525878906,87.34944152832031,87.35344696044922,87.35631561279297,87.35841369628906,87.36005401611328,87.36141204833984,87.36257934570312,87.36366271972656,87.3646469116211,87.3656005859375,75.0
133,88.0433120727539,87.32518005371094,87.33500671386719,87.34376525878906,87.34944152832031,87.35344696044922,87.35631561279297,87.35841369628906,87.36005401611328,87.36141204833984,87.36257934570312,87.36366271972656,87.3646469116211,87.3656005859375,55.0
134,88.0433120727539,87.32518005371094,87.33500671386719,87.34376525878906,87.34944152832031,87.35344696044922,87.35631561279297,87.35841369628906,87.36005401611328,87.36141204833984,87.36257934570312,87.36366271972656,87.3646469116211,87.3656005859375,35.0
135,88.0433120727539,87.32518005371094,87.33500671386719,87.34376525878906,87.34944152832031,87.35344696044922,87.35631561279297,87.35841369628906,87.36005401611328,87.36141204833984,87.36257934570312,87.36366271972656,87.3646469116211,87.3656005859375,15.0
136,88.0433120727539,87.32518005371094,87.33500671386719,87.34376525878906,87.34944152832031,87.35344696044922,87.35631561279297,87.35841369628906,87.36005401611328,87.36141204833984,87.36257934570312,87.36366271972656,87.3646469116211,87.3656005859375,138.0
137,88.0433120727539,87.32518005371094,87.33500671386719,87.34376525878906,87.34944152832031,87.35344696044922,87.35631561279297,87.35841369628906,87.36005401611328,87.36141204833984,87.36257934570312,87.36366271972656,87.3646469116211,87.3656005859375,118.0
138,88.0433120727539,87.32518005371094,87.33500671386719,87.34376525878906,87.34944152832031,87.35344696044922,87.35631561279297,87.35841369628906,87.36005401611328,87.36141204833984,87.36257934570312,87.36366271972656,87.3646469116211,87.3656005859375,98.0
139,88.0433120727539,87.32518005371094,87.33500671386719,87.34376525878906,87.34944152832031,87.35344696044922,87.35631561279297,87.35841369628906,87.36005401611328,87.36141204833984,87.36257934570312,87.36366271972656,87.3646469116211,87.3656005859375,78.0
140,87.72285461425781,87.34205627441406,87.34275817871094,87.34903717041016,87.35294342041016,87.35566711425781,87.35755920410156,87.35891723632812,87.35993194580078,87.36074829101562,87.36143493652344,87.36207580566406,87.36264038085938,87.36318969726562,58.0
141,87.72285461425781,87.34205627441406,87.34275817871094,87.34903717041016,87.35294342041016,87.35566711425781,87.35755920410156,87.35891723632812,87.35993194580078,87.36074829101562,87.36143493652344,87.36207580566406,87.36264038085938,87.36318969726562,38.0
142,87.72285461425781,87.34205627441406,87.34275817871094,87.34903717041016,87.35294342041016,87.35566711425781,87.35755920410156,87.35891723632812,87.35993194580078,87.36074829101562,87.36143493652344,87.36207580566406,87.36264038085938,87.36318969726562,18.0
143,87.72285461425781,87.34205627441406,87.34275817871094,87.34903717041016,87.35294342041016,87.35566711425781,87.35755920410156,87.35891723632812,87.35993194580078,87.36074829101562,87.36143493652344,87.36207580566406,87.36264038085938,87.36318969726562,150.0
144,87.72285461425781,87.34205627441406,87.34275817871094,87.34903717041016,87.35294342041016,87.35566711425781,87.35755920410156,87.35891723632812,87.35993194580078,87.36074829101562,87.36143493652344,87.36207580566406,87.36264038085938,87.36318969726562,150.0
145,87.72285461425781,87.34205627441406,87.34275817871094,87.34903717041016,87.35294342041016,87.35566711425781,87.35755920410156,87.35891723632812,87.35993194580078,87.36074829101562,87.36143493652344,87.36207580566406,87.36264038085938,87.36318969726562,135.0
146,87.72285461425781,87.34205627441406,87.34275817871094,87.34903717041016,87.35294342041016,87.35566711425781,87.35755920410156,87.35891723632812,87.35993194580078,87.36074829101562,87.36143493652344,87.36207580566406,87.36264038085938,87.36318969726562,115.0
147,87.72285461425781,87.34205627441406,87.34275817871094,87.34903717041016,87.35294342041016,87.35566711425781,87.35755920410156,87.35891723632812,87.35993194580078,87.36074829101562,87.36143493652344,87.36207580566406,87.36264038085938,87.36318969726562,95.0
148,87.72285461425781,87.34205627441406,87.34275817871094,87.34903717041016,87.35294342041016,87.35566711425781,87.35755920410156,87.35891723632812,87.35993194580078,87.36074829101562,87.36143493652344,87.36207580566406,87.36264038085938,87.36318969726562,75.0
149,87.72285461425781,87.34205627441406,87.34275817871094,87.34903717041016,87.35294342041016,87.35566711425781,87.35755920410156,87.35891723632812,87.35993194580078,87.36074829101562,87.36143493652344,87.36207580566406,87.36264038085938,87.36318969726562,55.0
150,87.45523071289062,87.38391876220703,87.37620544433594,87.38001251220703,87.3821792602539,87.38362121582031,87.38456726074219,87.38516998291016,87.38557434082031,87.38585662841797,87.38607025146484,87.38626861572266,87.38642120361328,87.38656616210938,35.0
151,87.45523071289062,87.38391876220703,87.37620544433594,87.38001251220703,87.3821792602539,87.38362121582031,87.38456726074219,87.38516998291016,87.38557434082031,87.38585662841797,87.38607025146484,87.38626861572266,87.38642120361328,87.38656616210938,15.0
152,87.45523071289062,87.38391876220703,87.37620544433594,87.38001251220703,87.3821792602539,87.38362121582031,87.38456726074219,87.38516998291016,87.38557434082031,87.38585662841797,87.38607025146484,87.38626861572266,87.38642120361328,87.38656616210938,150.0
153,87.45523071289062,87.38391876220703,87.37620544433594,87.38001251220703,87.3821792602539,87.38362121582031,87.38456726074219,87.38516998291016,87.38557434082031,87.38585662841797,87.38607025146484,87.38626861572266,87.38642120361328,87.38656616210938,150.0
154,87.45523071289062,87.38391876220703,87.37620544433594,87.38001251220703,87.3821792602539,87.38362121582031,87.38456726074219,87.38516998291016,87.38557434082031,87.38585662841797,87.38607025146484,87.38626861572266,87.38642120361328,87.38656616210938,142.0
155,87.45523071289062,87.38391876220703,87.37620544433594,87.38001251220703,87.3821792602539,87.38362121582031,87.38456726074219,87.38516998291016,87.38557434082031,87.38585662841797,87.38607025146484,87.38626861572266,87.38642120361328,87.38656616210938,122.0
156,87.45523071289062,87.38391876220703,87.37620544433594,87.38001251220703,87.3821792602539,87.38362121582031,87.38456726074219,87.38516998291016,87.38557434082031,87.38585662841797,87.38607025146484,87.38626861572266,87.38642120361328,87.38656616210938,102.0
157,87.45523071289062,87.38391876220703,87.37620544433594,87.38001251220703,87.3821792602539,87.38362121582031,87.38456726074219,87.38516998291016,87.38557434082031,87.38585662841797,87.38607025146484,87.38626861572266,87.38642120361328,87.38656616210938,82.0
158,87.45523071289062,87.38391876220703,87.37620544433594,87.38001251220703,87.3821792602539,87.38362121582031,87.38456726074219,87.38516998291016,87.38557434082031,87.38585662841797,87.38607025146484,87.38626861572266,87.38642120361328,87.38656616210938,62.0
159,87.45523071289062,87.38391876220703,87.37620544433594,87.38001251220703,87.3821792602539,87.38362121582031,87.38456726074219,87.38516998291016,87.38557434082031,87.38585662841797,87.38607025146484,87.38626861572266,87.38642120361328,87.38656616210938,42.0
160,87.26200866699219,87.46987915039062,87.4543685913086,87.4556655883789,87.4560546875,87.45622253417969,87.4561767578125,87.45601654052734,87.45578002929688,87.45552062988281,87.45524597167969,87.45497131347656,87.45469665527344,87.4544448852539,22.0
161,87.26200866699219,87.46987915039062,87.4543685913086,87.4556655883789,87.4560546875,87.45622253417969,87.4561767578125,87.45601654052734,87.45578002929688,87.45552062988281,87.45524597167969,87.45497131347656,87.45469665527344,87.4544448852539,2.0
162,87.26200866699219,87.46987915039062,87.4543685913086,87.4556655883789,87.4560546875,87.45622253417969,87.4561767578125,87.45601654052734,87.45578002929688,87.45552062988281,87.45524597167969,87.45497131347656,87.45469665527344,87.4544448852539,148.0
163,87.26200866699219,87.46987915039062,87.4543685913086,87.4556655883789,87.4560546875,87.45622253417969,87.4561767578125,87.45601654052734,87.45578002929688,87.45552062988281,87.45524597167969,87.45497131347656,87.45469665527344,87.4544448852539,128.0
164,87.26200866699219,87.46987915039062,87.4543685913086,87.4556655883789,87.4560546875,87.45622253417969,87.4561767578125,87.45601654052734,87.45578002929688,87.45552062988281,87.45524597167969,87.45497131347656,87.45469665527344,87.4544448852539,108.0
165,87.26200866699219,87.46987915039062,87.4543685913086,87.4556655883789,87.4560546875,87.45622253417969,87.4561767578125,87.45601654052734,87.45578002929688,87.45552062988281,87.45524597167969,87.45497131347656,87.45469665527344,87.4544448852539,88.0
166,87.26200866699219,87.46987915039062,87.4543685913086,87.4556655883789,87.4560546875,87.45622253417969,87.4561767578125,87.45601654052734,87.45578002929688,87.45552062988281,87.45524597167969,87.45497131347656,87.45469665527344,87.4544448852539,68.0
167,87.26200866699219,87.46987915039062,87.4543685913086,87.4556655883789,87.4560546875,87.45622253417969,87.4561767578125,87.45601654052734,87.45578002929688,87.45552062988281,87.45524597167969,87.45497131347656,87.45469665527344,87.4544448852539,48.0
168,87.26200866699219,87.46987915039062,87.4543685913086,87.4556655883789,87.4560546875,87.45622253417969,87.4561767578125,87.45601654052734,87.45578002929688,87.45552062988281,87.45524597167969,87.45497131347656,87.45469665527344,87.4544448852539,28.0
169,87.26200866699219,87.46987915039062,87.4543685913086,87.4556655883789,87.4560546875,87.45622253417969,87.4561767578125,87.45601654052734,87.45578002929688,87.45552062988281,87.45524597167969,87.45497131347656,87.45469665527344,87.4544448852539,8.0
170,86.70223236083984,87.15904235839844,87.1395034790039,87.14031219482422,87.14041137695312,87.14039611816406,87.14027404785156,87.14009094238281,87.13986206054688,87.13961791992188,87.13938903808594,87.13916015625,87.13893127441406,87.13872528076172,127.0
171,86.70223236083984,87.15904235839844,87.1395034790039,87.14031219482422,87.14041137695312,87.14039611816406,87.14027404785156,87.14009094238281,87.13986206054688,87.13961791992188,87.13938903808594,87.13916015625,87.13893127441406,87.13872528076172,107.0
172,86.70223236083984,87.15904235839844,87.1395034790039,87.14031219482422,87.14041137695312,87.14039611816406,87.14027404785156,87.14009094238281,87.13986206054688,87.13961791992188,87.13938903808594,87.13916015625,87.13893127441406,87.13872528076172,87.0
173,86.70223236083984,87.15904235839844,87.1395034790039,87.14031219482422,87.14041137695312,87.14039611816406,87.14027404785156,87.14009094238281,87.13986206054688,87.13961791992188,87.13938903808594,87.13916015625,87.13893127441406,87.13872528076172,67.0
174,86.70223236083984,87.15904235839844,87.1395034790039,87.14031219482422,87.14041137695312,87.14039611816406,87.14027404785156,87.14009094238281,87.13986206054688,87.13961791992188,87.13938903808594,87.13916015625,87.13893127441406,87.13872528076172,47.0
175,86.70223236083984,87.15904235839844,87.1395034790039,87.14031219482422,87.14041137695312,87.14039611816406,87.14027404785156,87.14009094238281,87.13986206054688,87.13961791992188,87.13938903808594,87.13916015625,87.13893127441406,87.13872528076172,27.0
176,86.70223236083984,87.15904235839844,87.1395034790039,87.14031219482422,87.14041137695312,87.14039611816406,87.14027404785156,87.14009094238281,87.13986206054688,87.13961791992188,87.13938903808594,87.13916015625,87.13893127441406,87.13872528076172,7.0
177,86.70223236083984,87.15904235839844,87.1395034790039,87.14031219482422,87.14041137695312,87.14039611816406,87.14027404785156,87.14009094238281,87.13986206054688,87.13961791992188,87.13938903808594,87.13916015625,87.13893127441406,87.13872528076172,150.0
178,86.70223236083984,87.15904235839844,87.1395034790039,87.14031219482422,87.14041137695312,87.14039611816406,87.14027404785156,87.14009094238281,87.13986206054688,87.13961791992188,87.13938903808594,87.13916015625,87.13893127441406,87.13872528076172,150.0
179,86.70223236083984,87.15904235839844,87.1395034790039,87.14031219482422,87.14041137695312,87.14039611816406,87.14027404785156,87.14009094238281,87.13986206054688,87.13961791992188,87.13938903808594,87.13916015625,87.13893127441406,87.13872528076172,150.0
180,86.28863525390625,86.96055603027344,86.93716430664062,86.93711853027344,86.93667602539062,86.93630981445312,86.9359359741211,86.93560028076172,86.93525695800781,86.93494415283203,86.93463134765625,86.93437194824219,86.93409729003906,86.933837890625,150.0
181,86.28863525390625,86.96055603027344,86.93716430664062,86.93711853027344,86.93667602539062,86.93630981445312,86.9359359741211,86.93560028076172,86.93525695800781,86.93494415283203,86.93463134765625,86.93437194824219,86.93409729003906,86.933837890625,130.0
182,86.28863525390625,86.96055603027344,86.93716430664062,86.93711853027344,86.93667602539062,86.93630981445312,86.9359359741211,86.93560028076172,86.93525695800781,86.93494415283203,86.93463134765625,86.93437194824219,86.93409729003906,86.933837890625,110.0
183,86.28863525390625,86.96055603027344,86.93716430664062,86.93711853027344,86.93667602539062,86.93630981445312,86.9359359741211,86.93560028076172,86.93525695800781,86.93494415283203,86.93463134765625,86.93437194824219,86.93409729003906,86.933837890625,90.0
184,86.28863525390625,86.96055603027344,86.93716430664062,86.93711853027344,86.93667602539062,86.93630981445312,86.9359359741211,86.93560028076172,86.93525695800781,86.93494415283203,86.93463134765625,86.93437194824219,86.93409729003906,86.933837890625,70.0
185,86.28863525390625,86.96055603027344,86.93716430664062,86.93711853027344,86.93667602539062,86.93630981445312,86.9359359741211,86.93560028076172,86.93525695800781,86.93494415283203,86.93463134765625,86.93437194824219,86.93409729003906,86.933837890625,50.0
186,86.28863525390625,86.96055603027344,86.93716430664062,86.93711853027344,86.93667602539062,86.93630981445312,86.9359359741211,86.93560028076172,86.93525695800781,86.93494415283203,86.93463134765625,86.93437194824219,86.93409729003906,86.933837890625,30.0
187,86.28863525390625,86.96055603027344,86.93716430664062,86.93711853027344,86.93667602539062,86.93630981445312,86.9359359741211,86.93560028076172,86.93525695800781,86.93494415283203,86.93463134765625,86.93437194824219,86.93409729003906,86.933837890625,150.0
188,86.28863525390625,86.96055603027344,86.93716430664062,86.93711853027344,86.93667602539062,86.93630981445312,86.9359359741211,86.93560028076172,86.93525695800781,86.93494415283203,86.93463134765625,86.93437194824219,86.93409729003906,86.933837890625,150.0
189,86.28863525390625,86.96055603027344,86.93716430664062,86.93711853027344,86.93667602539062,86.93630981445312,86.9359359741211,86.93560028076172,86.93525695800781,86.93494415283203,86.93463134765625,86.93437194824219,86.93409729003906,86.933837890625,139.0
190,86.26761627197266,87.12163543701172,87.09280395507812,87.0904541015625,87.0884017944336,87.08685302734375,87.0855712890625,87.08451843261719,87.08358764648438,87.082763671875,87.08197784423828,87.0812759399414,87.08058166503906,87.07994079589844,119.0
191,86.26761627197266,87.12163543701172,87.09280395507812,87.0904541015625,87.0884017944336,87.08685302734375,87.0855712890625,87.08451843261719,87.08358764648438,87.082763671875,87.08197784423828,87.0812759399414,87.08058166503906,87.07994079589844,99.0
192,86.26761627197266,87.12163543701172,87.09280395507812,87.0904541015625,87.0884017944336,87.08685302734375,87.0855712890625,87.08451843261719,87.08358764648438,87.082763671875,87.08197784423828,87.0812759399414,87.08058166503906,87.07994079589844,79.0
193,86.26761627197266,87.12163543701172,87.09280395507812,87.0904541015625,87.0884017944336,87.08685302734375,87.0855712890625,87.08451843261719,87.08358764648438,87.082763671875,87.08197784423828,87.0812759399414,87.08058166503906,87.07994079589844,59.0
194,86.26761627197266,87.12163543701172,87.09280395507812,87.0904541015625,87.0884017944336,87.08685302734375,87.0855712890625,87.08451843261719,87.08358764648438,87.082763671875,87.08197784423828,87.0812759399414,87.08058166503906,87.07994079589844,39.0
195,86.26761627197266,87.12163543701172,87.09280395507812,87.0904541015625,87.0884017944336,87.08685302734375,87.0855712890625,87.08451843261719,87.08358764648438,87.082763671875,87.08197784423828,87.0812759399414,87.08058166503906,87.07994079589844,19.0
196,86.26761627197266,87.12163543701172,87.09280395507812,87.0904541015625,87.0884017944336,87.08685302734375,87.0855712890625,87.08451843261719,87.08358764648438,87.082763671875,87.08197784423828,87.0812759399414,87.08058166503906,87.07994079589844,136.0
197,86.26761627197266,87.12163543701172,87.09280395507812,87.0904541015625,87.0884017944336,87.08685302734375,87.0855712890625,87.08451843261719,87.08358764648438,87.082763671875,87.08197784423828,87.0812759399414,87.08058166503906,87.07994079589844,116.0
198,86.26761627197266,87.12163543701172,87.09280395507812,87.0904541015625,87.0884017944336,87.08685302734375,87.0855712890625,87.08451843261719,87.08358764648438,87.082763671875,87.08197784423828,87.0812759399414,87.08058166503906,87.07994079589844,96.0
199,86.26761627197266,87.12163543701172,87.09280395507812,87.0904541015625,87.0884017944336,87.08685302734375,87.0855712890625,87.08451843261719,87.08358764648438,87.082763671875,87.08197784423828,87.0812759399414,87.08058166503906,87.07994079589844,76.0
200,86.20671081542969,87.21006774902344,87.17721557617188,87.173095703125,87.16981506347656,87.16737365722656,87.16542053222656,87.16383361816406,87.16246032714844,87.1612548828125,87.16012573242188,87.15910339355469,87.15811157226562,87.15718078613281,56.0
201,86.20671081542969,87.21006774902344,87.17721557617188,87.173095703125,87.16981506347656,87.16737365722656,87.16542053222656,87.16383361816406,87.16246032714844,87.1612548828125,87.16012573242188,87.15910339355469,87.15811157226562,87.15718078613281,36.0
202,86.20671081542969,87.21006774902344,87.17721557617188,87.173095703125,87.16981506347656,87.16737365722656,87.16542053222656,87.16383361816406,87.16246032714844,87.1612548828125,87.16012573242188,87.15910339355469,87.15811157226562,87.15718078613281,16.0
203,86.20671081542969,87.21006774902344,87.17721557617188,87.173095703125,87.16981506347656,87.16737365722656,87.16542053222656,87.16383361816406,87.16246032714844,87.1612548828125,87.16012573242188,87.15910339355469,87.15811157226562,87.15718078613281,145.0
204,86.20671081542969,87.21006774902344,87.17721557617188,87.173095703125,87.16981506347656,87.16737365722656,87.16542053222656,87.16383361816406,87.16246032714844,87.1612548828125,87.16012573242188,87.15910339355469,87.15811157226562,87.15718078613281,125.0
205,86.20671081542969,87.21006774902344,87.17721557617188,87.173095703125,87.16981506347656,87.16737365722656,87.16542053222656,87.16383361816406,87.16246032714844,87.1612548828125,87.16012573242188,87.15910339355469,87.15811157226562,87.15718078613281,105.0
206,86.20671081542969,87.21006774902344,87.17721557617188,87.173095703125,87.16981506347656,87.16737365722656,87.16542053222656,87.16383361816406,87.16246032714844,87.1612548828125,87.16012573242188,87.15910339355469,87.15811157226562,87.15718078613281,85.0
207,86.20671081542969,87.21006774902344,87.17721557617188,87.173095703125,87.16981506347656,87.16737365722656,87.16542053222656,87.16383361816406,87.16246032714844,87.1612548828125,87.16012573242188,87.15910339355469,87.15811157226562,87.15718078613281,65.0
208,86.20671081542969,87.21006774902344,87.17721557617188,87.173095703125,87.16981506347656,87.16737365722656,87.16542053222656,87.16383361816406,87.16246032714844,87.1612548828125,87.16012573242188,87.15910339355469,87.15811157226562,87.15718078613281,45.0
209,86.20671081542969,87.21006774902344,87.17721557617188,87.173095703125,87.16981506347656,87.16737365722656,87.16542053222656,87.16383361816406,87.16246032714844,87.1612548828125,87.16012573242188,87.15910339355469,87.15811157226562,87.15718078613281,25.0
210,85.88172912597656,87.00084686279297,86.96696472167969,86.96263885498047,86.95926666259766,86.956787109375,86.95484161376953,86.95330047607422,86.95197296142578,86.95084381103516,86.94978332519531,86.9488296508789,86.94791412353516,86.9470443725586,5.0
211,85.88172912597656,87.00084686279297,86.96696472167969,86.96263885498047,86.95926666259766,86.956787109375,86.95484161376953,86.95330047607422,86.95197296142578,86.95084381103516,86.94978332519531,86.9488296508789,86.94791412353516,86.9470443725586,143.0
212,85.88172912597656,87.00084686279297,86.96696472167969,86.96263885498047,86.95926666259766,86.956787109375,86.95484161376953,86.95330047607422,86.95197296142578,86.95084381103516,86.94978332519531,86.9488296508789,86.94791412353516,86.9470443725586,123.0
213,85.88172912597656,87.00084686279297,86.96696472167969,86.96263885498047,86.95926666259766,86.956787109375,86.95484161376953,86.95330047607422,86.95197296142578,86.95084381103516,86.94978332519531,86.9488296508789,86.94791412353516,86.9470443725586,103.0
214,85.88172912597656,87.00084686279297,86.96696472167969,86.96263885498047,86.95926666259766,86.956787109375,86.95484161376953,86.95330047607422,86.95197296142578,86.95084381103516,86.94978332519531,86.9488296508789,86.94791412353516,86.9470443725586,83.0
215,85.88172912597656,87.00084686279297,86.96696472167969,86.96263885498047,86.95926666259766,86.956787109375,86.95484161376953,86.95330047607422,86.95197296142578,86.95084381103516,86.94978332519531,86.9488296508789,86.94791412353516,86.9470443725586,63.0
216,85.88172912597656,87.00084686279297,86.96696472167969,86.96263885498047,86.95926666259766,86.956787109375,86.95484161376953,86.95330047607422,86.95197296142578,86.95084381103516,86.94978332519531,86.9488296508789,86.94791412353516,86.9470443725586,43.0
217,85.88172912597656,87.00084686279297,86.96696472167969,86.96263885498047,86.95926666259766,86.956787109375,86.95484161376953,86.95330047607422,86.95197296142578,86.95084381103516,86.94978332519531,86.9488296508789,86.94791412353516,86.9470443725586,23.0
218,85.88172912597656,87.00084686279297,86.96696472167969,86.96263885498047,86.95926666259766,86.956787109375,86.95484161376953,86.95330047607422,86.95197296142578,86.95084381103516,86.94978332519531,86.9488296508789,86.94791412353516,86.9470443725586,3.0
219,85.88172912597656,87.00084686279297,86.96696472167969,86.96263885498047,86.95926666259766,86.956787109375,86.95484161376953,86.95330047607422,86.95197296142578,86.95084381103516,86.94978332519531,86.9488296508789,86.94791412353516,86.9470443725586,150.0
220,85.38737487792969,86.58992767333984,86.55722045898438,86.55376434326172,86.55110168457031,86.54920196533203,86.54773712158203,86.546630859375,86.54570770263672,86.5449447631836,86.54424285888672,86.54362487792969,86.54302978515625,86.54248046875,150.0
221,85.38737487792969,86.58992767333984,86.55722045898438,86.55376434326172,86.55110168457031,86.54920196533203,86.54773712158203,86.546630859375,86.54570770263672,86.5449447631836,86.54424285888672,86.54362487792969,86.54302978515625,86.54248046875,134.0
222,85.38737487792969,86.58992767333984,86.55722045898438,86.55376434326172,86.55110168457031,86.54920196533203,86.54773712158203,86.546630859375,86.54570770263672,86.5449447631836,86.54424285888672,86.54362487792969,86.54302978515625,86.54248046875,114.0
223,85.38737487792969,86.58992767333984,86.55722045898438,86.55376434326172,86.55110168457031,86.54920196533203,86.54773712158203,86.546630859375,86.54570770263672,86.5449447631836,86.54424285888672,86.54362487792969,86.54302978515625,86.54248046875,94.0
224,85.38737487792969,86.58992767333984,86.55722045898438,86.55376434326172,86.55110168457031,86.54920196533203,86.54773712158203,86.546630859375,86.54570770263672,86.5449447631836,86.54424285888672,86.54362487792969,86.54302978515625,86.54248046875,74.0
225,85.38737487792969,86.58992767333984,86.55722045898438,86.55376434326172,86.55110168457031,86.54920196533203,86.54773712158203,86.546630859375,86.54570770263672,86.5449447631836,86.54424285888672,86.54362487792969,86.54302978515625,86.54248046875,54.0
226,85.38737487792969,86.58992767333984,86.55722045898438,86.55376434326172,86.55110168457031,86.54920196533203,86.54773712158203,86.546630859375,86.54570770263672,86.5449447631836,86.54424285888672,86.54362487792969,86.54302978515625,86.54248046875,34.0
227,85.38737487792969,86.58992767333984,86.55722045898438,86.55376434326172,86.55110168457031,86.54920196533203,86.54773712158203,86.546630859375,86.54570770263672,86.5449447631836,86.54424285888672,86.54362487792969,86.54302978515625,86.54248046875,14.0
228,85.38737487792969,86.58992767333984,86.55722045898438,86.55376434326172,86.55110168457031,86.54920196533203,86.54773712158203,86.546630859375,86.54570770263672,86.5449447631836,86.54424285888672,86.54362487792969,86.54302978515625,86.54248046875,150.0
229,85.38737487792969,86.58992767333984,86.55722045898438,86.55376434326172,86.55110168457031,86.54920196533203,86.54773712158203,86.546630859375,86.54570770263672,86.5449447631836,86.54424285888672,86.54362487792969,86.54302978515625,86.54248046875,150.0
230,85.13533020019531,86.39375305175781,86.3614501953125,86.35804748535156,86.3554916381836,86.35369873046875,86.35235595703125,86.35134887695312,86.35054779052734,86.34989166259766,86.34931945800781,86.34880828857422,86.34831237792969,86.34786224365234,150.0
231,85.13533020019531,86.39375305175781,86.3614501953125,86.35804748535156,86.3554916381836,86.35369873046875,86.35235595703125,86.35134887695312,86.35054779052734,86.34989166259766,86.34931945800781,86.34880828857422,86.34831237792969,86.34786224365234,150.0
232,85.13533020019531,86.39375305175781,86.3614501953125,86.35804748535156,86.3554916381836,86.35369873046875,86.35235595703125,86.35134887695312,86.35054779052734,86.34989166259766,86.34931945800781,86.34880828857422,86.34831237792969,86.34786224365234,134.0
233,85.13533020019531,86.39375305175781,86.3614501953125,86.35804748535156,86.3554916381836,86.35369873046875,86.35235595703125,86.35134887695312,86.35054779052734,86.34989166259766,86.34931945800781,86.34880828857422,86.34831237792969,86.34786224365234,114.0
234,85.13533020019531,86.39375305175781,86.3614501953125,86.35804748535156,86.3554916381836,86.35369873046875,86.35235595703125,86.35134887695312,86.35054779052734,86.34989166259766,86.34931945800781,86.34880828857422,86.34831237792969,86.34786224365234,94.0
235,85.13533020019531,86.39375305175781,86.3614501953125,86.35804748535156,86.3554916381836,86.35369873046875,86.35235595703125,86.35134887695312,86.35054779052734,86.34989166259766,86.34931945800781,86.34880828857422,86.34831237792969,86.34786224365234,74.0
236,85.13533020019531,86.39375305175781,86.3614501953125,86.35804748535156,86.3554916381836,86.35369873046875,86.35235595703125,86.35134887695312,86.35054779052734,86.34989166259766,86.34931945800781,86.34880828857422,86.34831237792969,86.34786224365234,54.0
237,85.13533020019531,86.39375305175781,86.3614501953125,86.35804748535156,86.3554916381836,86.35369873046875,86.35235595703125,86.35134887695312,86.35054779052734,86.34989166259766,86.34931945800781,86.34880828857422,86.34831237792969,86.34786224365234,34.0
238,85.13533020019531,86.39375305175781,86.3614501953125,86.35804748535156,86.3554916381836,86.35369873046875,86.35235595703125,86.35134887695312,86.35054779052734,86.34989166259766,86.34931945800781,86.34880828857422,86.34831237792969,86.34786224365234,150.0
239,85.13533020019531,86.39375305175781,86.3614501953125,86.35804748535156,86.3554916381836,86.35369873046875,86.35235595703125,86.35134887695312,86.35054779052734,86.34989166259766,86.34931945800781,86.34880828857422,86.34831237792969,86.34786224365234,150.0
240,85.33238983154297,86.62334442138672,86.58921813964844,86.58413696289062,86.58039855957031,86.57771301269531,86.57567596435547,86.5741195678711,86.57283020019531,86.57174682617188,86.57077026367188,86.56990051269531,86.56905364990234,86.56826782226562,131.0
241,85.33238983154297,86.62334442138672,86.58921813964844,86.58413696289062,86.58039855957031,86.57771301269531,86.57567596435547,86.5741195678711,86.57283020019531,86.57174682617188,86.57077026367188,86.56990051269531,86.56905364990234,86.56826782226562,111.0
242,85.33238983154297,86.62334442138672,86.58921813964844,86.58413696289062,86.58039855957031,86.57771301269531,86.57567596435547,86.5741195678711,86.57283020019531,86.57174682617188,86.57077026367188,86.56990051269531,86.56905364990234,86.56826782226562,91.0
243,85.33238983154297,86.62334442138672,86.58921813964844,86.58413696289062,86.58039855957031,86.57771301269531,86.57567596435547,86.5741195678711,86.57283020019531,86.57174682617188,86.57077026367188,86.56990051269531,86.56905364990234,86.56826782226562,71.0
244,85.33238983154297,86.62334442138672,86.58921813964844,86.58413696289062,86.58039855957031,86.57771301269531,86.57567596435547,86.5741195678711,86.57283020019531,86.57174682617188,86.57077026367188,86.56990051269531,86.56905364990234,86.56826782226562,51.0
245,85.33238983154297,86.62334442138672,86.58921813964844,86.58413696289062,86.58039855957031,86.57771301269531,86.57567596435547,86.5741195678711,86.57283020019531,86.57174682617188,86.57077026367188,86.56990051269531,86.56905364990234,86.56826782226562,31.0
246,85.33238983154297,86.62334442138672,86.58921813964844,86.58413696289062,86.58039855957031,86.57771301269531,86.57567596435547,86.5741195678711,86.57283020019531,86.57174682617188,86.57077026367188,86.56990051269531,86.56905364990234,86.56826782226562,11.0
247,85.33238983154297,86.62334442138672,86.58921813964844,86.58413696289062,86.58039855957031,86.57771301269531,86.57567596435547,86.5741195678711,86.57283020019531,86.57174682617188,86.57077026367188,86.56990051269531,86.56905364990234,86.56826782226562,150.0
248,85.33238983154297,86.62334442138672,86.58921813964844,86.58413696289062,86.58039855957031,86.57771301269531,86.57567596435547,86.5741195678711,86.57283020019531,86.57174682617188,86.57077026367188,86.56990051269531,86.56905364990234,86.56826782226562,150.0
249,85.33238983154297,86.62334442138672,86.58921813964844,86.58413696289062,86.58039855957031,86.57771301269531,86.57567596435547,86.5741195678711,86.57283020019531,86.57174682617188,86.57077026367188,86.56990051269531,86.56905364990234,86.56826782226562,140.0
250,85.65101623535156,86.95063018798828,86.91459655761719,86.90754699707031,86.90240478515625,86.89865112304688,86.89578247070312,86.8935317993164,86.89165496826172,86.89004516601562,86.88858795166016,86.88723754882812,86.8859634399414,86.88475036621094,120.0
251,85.65101623535156,86.95063018798828,86.91459655761719,86.90754699707031,86.90240478515625,86.89865112304688,86.89578247070312,86.8935317993164,86.89165496826172,86.89004516601562,86.88858795166016,86.88723754882812,86.8859634399414,86.88475036621094,100.0
252,85.65101623535156,86.95063018798828,86.91459655761719,86.90754699707031,86.90240478515625,86.89865112304688,86.89578247070312,86.8935317993164,86.89165496826172,86.89004516601562,86.88858795166016,86.88723754882812,86.8859634399414,86.88475036621094,80.0
253,85.65101623535156,86.95063018798828,86.91459655761719,86.90754699707031,86.90240478515625,86.89865112304688,86.89578247070312,86.8935317993164,86.89165496826172,86.89004516601562,86.88858795166016,86.88723754882812,86.8859634399414,86.88475036621094,60.0
254,85.65101623535156,86.95063018798828,86.91459655761719,86.90754699707031,86.90240478515625,86.89865112304688,86.89578247070312,86.8935317993164,86.89165496826172,86.89004516601562,86.88858795166016,86.88723754882812,86.8859634399414,86.88475036621094,40.0
255,85.65101623535156,86.95063018798828,86.91459655761719,86.90754699707031,86.90240478515625,86.89865112304688,86.89578247070312,86.8935317993164,86.89165496826172,86.89004516601562,86.88858795166016,86.88723754882812,86.8859634399414,86.88475036621094,20.0
256,85.65101623535156,86.95063018798828,86.91459655761719,86.90754699707031,86.90240478515625,86.89865112304688,86.89578247070312,86.8935317993164,86.89165496826172,86.89004516601562,86.88858795166016,86.88723754882812,86.8859634399414,86.88475036621094,0.0
257,85.65101623535156,86.95063018798828,86.91459655761719,86.90754699707031,86.90240478515625,86.89865112304688,86.89578247070312,86.8935317993164,86.89165496826172,86.89004516601562,86.88858795166016,86.88723754882812,86.8859634399414,86.88475036621094,150.0
258,85.65101623535156,86.95063018798828,86.91459655761719,86.90754699707031,86.90240478515625,86.89865112304688,86.89578247070312,86.8935317993164,86.89165496826172,86.89004516601562,86.88858795166016,86.88723754882812,86.8859634399414,86.88475036621094,150.0
259,85.65101623535156,86.95063018798828,86.91459655761719,86.90754699707031,86.90240478515625,86.89865112304688,86.89578247070312,86.8935317993164,86.89165496826172,86.89004516601562,86.88858795166016,86.88723754882812,86.8859634399414,86.88475036621094,135.0
260,85.93598175048828,87.22115325927734,87.18418884277344,87.17558288574219,87.16932678222656,87.16474151611328,87.16120910644531,87.15841674804688,87.15606689453125,87.15404510498047,87.1521987915039,87.15048217773438,87.14885711669922,87.1473159790039,115.0
261,85.93598175048828,87.22115325927734,87.18418884277344,87.17558288574219,87.16932678222656,87.16474151611328,87.16120910644531,87.15841674804688,87.15606689453125,87.15404510498047,87.1521987915039,87.15048217773438,87.14885711669922,87.1473159790039,95.0
262,85.93598175048828,87.22115325927734,87.18418884277344,87.17558288574219,87.16932678222656,87.16474151611328,87.16120910644531,87.15841674804688,87.15606689453125,87.15404510498047,87.1521987915039,87.15048217773438,87.14885711669922,87.1473159790039,75.0
263,85.93598175048828,87.22115325927734,87.18418884277344,87.17558288574219,87.16932678222656,87.16474151611328,87.16120910644531,87.15841674804688,87.15606689453125,87.15404510498047,87.1521987915039,87.15048217773438,87.14885711669922,87.1473159790039,55.0
264,85.93598175048828,87.22115325927734,87.18418884277344,87.17558288574219,87.16932678222656,87.16474151611328,87.16120910644531,87.15841674804688,87.15606689453125,87.15404510498047,87.1521987915039,87.15048217773438,87.14885711669922,87.1473159790039,35.0
265,85.93598175048828,87.22115325927734,87.18418884277344,87.17558288574219,87.16932678222656,87.16474151611328,87.16120910644531,87.15841674804688,87.15606689453125,87.15404510498047,87.1521987915039,87.15048217773438,87.14885711669922,87.1473159790039,15.0
266,85.93598175048828,87.22115325927734,87.18418884277344,87.17558288574219,87.16932678222656,87.16474151611328,87.16120910644531,87.15841674804688,87.15606689453125,87.15404510498047,87.1521987915039,87.15048217773438,87.14885711669922,87.1473159790039,150.0
267,85.93598175048828,87.22115325927734,87.18418884277344,87.17558288574219,87.16932678222656,87.16474151611328,87.16120910644531,87.15841674804688,87.15606689453125,87.15404510498047,87.1521987915039,87.15048217773438,87.14885711669922,87.1473159790039,141.0
268,85.93598175048828,87.22115325927734,87.18418884277344,87.17558288574219,87.16932678222656,87.16474151611328,87.16120910644531,87.15841674804688,87.15606689453125,87.15404510498047,87.1521987915039,87.15048217773438,87.14885711669922,87.1473159790039,121.0
269,85.93598175048828,87.22115325927734,87.18418884277344,87.17558288574219,87.16932678222656,87.16474151611328,87.16120910644531,87.15841674804688,87.15606689453125,87.15404510498047,87.1521987915039,87.15048217773438,87.14885711669922,87.1473159790039,101.0
270,86.267333984375,87.51795196533203,87.48038482666016,87.47027587890625,87.46295166015625,87.45755004882812,87.453369140625,87.45003509521484,87.44721984863281,87.44477844238281,87.44255065917969,87.44047546386719,87.43849182128906,87.43663024902344,81.0
271,86.267333984375,87.51795196533203,87.48038482666016,87.47027587890625,87.46295166015625,87.45755004882812,87.453369140625,87.45003509521484,87.44721984863281,87.44477844238281,87.44255065917969,87.44047546386719,87.43849182128906,87.43663024902344,61.0
272,86.267333984375,87.51795196533203,87.48038482666016,87.47027587890625,87.46295166015625,87.45755004882812,87.453369140625,87.45003509521484,87.44721984863281,87.44477844238281,87.44255065917969,87.44047546386719,87.43849182128906,87.43663024902344,41.0
273,86.267333984375,87.51795196533203,87.48038482666016,87.47027587890625,87.46295166015625,87.45755004882812,87.453369140625,87.45003509521484,87.44721984863281,87.44477844238281,87.44255065917969,87.44047546386719,87.43849182128906,87.43663024902344,21.0
274,86.267333984375,87.51795196533203,87.48038482666016,87.47027587890625,87.46295166015625,87.45755004882812,87.453369140625,87.45003509521484,87.44721984863281,87.44477844238281,87.44255065917969,87.44047546386719,87.43849182128906,87.43663024902344,1.0
275,86.267333984375,87.51795196533203,87.48038482666016,87.47027587890625,87.46295166015625,87.45755004882812,87.453369140625,87.45003509521484,87.44721984863281,87.44477844238281,87.44255065917969,87.44047546386719,87.43849182128906,87.43663024902344,138.0
276,86.267333984375,87.51795196533203,87.48038482666016,87.47027587890625,87.46295166015625,87.45755004882812,87.453369140625,87.45003509521484,87.44721984863281,87.44477844238281,87.44255065917969,87.44047546386719,87.43849182128906,87.43663024902344,118.0
277,86.267333984375,87.51795196533203,87.48038482666016,87.47027587890625,87.46295166015625,87.45755004882812,87.453369140625,87.45003509521484,87.44721984863281,87.44477844238281,87.44255065917969,87.44047546386719,87.43849182128906,87.43663024902344,98.0
278,86.267333984375,87.51795196533203,87.48038482666016,87.47027587890625,87.46295166015625,87.45755004882812,87.453369140625,87.45003509521484,87.44721984863281,87.44477844238281,87.44255065917969,87.44047546386719,87.43849182128906,87.43663024902344,78.0
279,86.267333984375,87.51795196533203,87.48038482666016,87.47027587890625,87.46295166015625,87.45755004882812,87.453369140625,87.45003509521484,87.44721984863281,87.44477844238281,87.44255065917969,87.44047546386719,87.43849182128906,87.43663024902344,58.0
280,86.2798843383789,87.47571563720703,87.4404296875,87.4305648803711,87.42343139648438,87.41816711425781,87.41410827636719,87.41087341308594,87.40814208984375,87.40579223632812,87.40363311767578,87.4016342163086,87.39970397949219,87.39791107177734,38.0
281,86.2798843383789,87.47571563720703,87.4404296875,87.4305648803711,87.42343139648438,87.41816711425781,87.41410827636719,87.41087341308594,87.40814208984375,87.40579223632812,87.40363311767578,87.4016342163086,87.39970397949219,87.39791107177734,18.0
282,86.2798843383789,87.47571563720703,87.4404296875,87.4305648803711,87.42343139648438,87.41816711425781,87.41410827636719,87.41087341308594,87.40814208984375,87.40579223632812,87.40363311767578,87.4016342163086,87.39970397949219,87.39791107177734,150.0
283,86.2798843383789,87.47571563720703,87.4404296875,87.4305648803711,87.42343139648438,87.41816711425781,87.41410827636719,87.41087341308594,87.40814208984375,87.40579223632812,87.40363311767578,87.4016342163086,87.39970397949219,87.39791107177734,130.0
284,86.2798843383789,87.47571563720703,87.4404296875,87.4305648803711,87.42343139648438,87.41816711425781,87.41410827636719,87.41087341308594,87.40814208984375,87.40579223632812,87.40363311767578,87.4016342163086,87.39970397949219,87.39791107177734,110.0
285,86.2798843383789,87.47571563720703,87.4404296875,87.4305648803711,87.42343139648438,87.41816711425781,87.41410827636719,87.41087341308594,87.40814208984375,87.40579223632812,87.40363311767578,87.4016342163086,87.39970397949219,87.39791107177734,90.0
286,86.2798843383789,87.47571563720703,87.4404296875,87.4305648803711,87.42343139648438,87.41816711425781,87.41410827636719,87.41087341308594,87.40814208984375,87.40579223632812,87.40363311767578,87.4016342163086,87.39970397949219,87.39791107177734,70.0
287,86.2798843383789,87.47571563720703,87.4404296875,87.4305648803711,87.42343139648438,87.41816711425781,87.41410827636719,87.41087341308594,87.40814208984375,87.40579223632812,87.40363311767578,87.4016342163086,87.39970397949219,87.39791107177734,50.0
288,86.2798843383789,87.47571563720703,87.4404296875,87.4305648803711,87.42343139648438,87.41816711425781,87.41410827636719,87.41087341308594,87.40814208984375,87.40579223632812,87.40363311767578,87.4016342163086,87.39970397949219,87.39791107177734,30.0
289,86.2798843383789,87.47571563720703,87.4404296875,87.4305648803711,87.42343139648438,87.41816711425781,87.41410827636719,87.41087341308594,87.40814208984375,87.40579223632812,87.40363311767578,87.4016342163086,87.39970397949219,87.39791107177734,10.0
290,86.00682067871094,87.13113403320312,87.1006088256836,87.09249114990234,87.08668518066406,87.0824203491211,87.07916259765625,87.07660675048828,87.074462890625,87.0726318359375,87.07095336914062,87.06938171386719,87.06790924072266,87.0665283203125,150.0
291,86.00682067871094,87.13113403320312,87.1006088256836,87.09249114990234,87.08668518066406,87.0824203491211,87.07916259765625,87.07660675048828,87.074462890625,87.0726318359375,87.07095336914062,87.06938171386719,87.06790924072266,87.0665283203125,150.0
292,86.00682067871094,87.13113403320312,87.1006088256836,87.09249114990234,87.08668518066406,87.0824203491211,87.07916259765625,87.07660675048828,87.074462890625,87.0726318359375,87.07095336914062,87.06938171386719,87.06790924072266,87.0665283203125,134.0
293,86.00682067871094,87.13113403320312,87.1006088256836,87.09249114990234,87.08668518066406,87.0824203491211,87.07916259765625,87.07660675048828,87.074462890625,87.0726318359375,87.07095336914062,87.06938171386719,87.06790924072266,87.0665283203125,114.0
294,86.00682067871094,87.13113403320312,87.1006088256836,87.09249114990234,87.08668518066406,87.0824203491211,87.07916259765625,87.07660675048828,87.074462890625,87.0726318359375,87.07095336914062,87.06938171386719,87.06790924072266,87.0665283203125,94.0
295,86.00682067871094,87.13113403320312,87.1006088256836,87.09249114990234,87.08668518066406,87.0824203491211,87.07916259765625,87.07660675048828,87.074462890625,87.0726318359375,87.07095336914062,87.06938171386719,87.06790924072266,87.0665283203125,74.0
296,86.00682067871094,87.13113403320312,87.1006088256836,87.09249114990234,87.08668518066406,87.0824203491211,87.07916259765625,87.07660675048828,87.074462890625,87.0726318359375,87.07095336914062,87.06938171386719,87.06790924072266,87.0665283203125,54.0
297,86.00682067871094,87.13113403320312,87.1006088256836,87.09249114990234,87.08668518066406,87.0824203491211,87.07916259765625,87.07660675048828,87.074462890625,87.0726318359375,87.07095336914062,87.06938171386719,87.06790924072266,87.0665283203125,34.0
298,86.00682067871094,87.13113403320312,87.1006088256836,87.09249114990234,87.08668518066406,87.0824203491211,87.07916259765625,87.07660675048828,87.074462890625,87.0726318359375,87.07095336914062,87.06938171386719,87.06790924072266,87.0665283203125,14.0
299,86.00682067871094,87.13113403320312,87.1006088256836,87.09249114990234,87.08668518066406,87.0824203491211,87.07916259765625,87.07660675048828,87.074462890625,87.0726318359375,87.07095336914062,87.06938171386719,87.06790924072266,87.0665283203125,108.0
300,85.87337493896484,86.9149169921875,86.88853454589844,86.8817138671875,86.87686920166016,86.87333679199219,86.87066650390625,86.86857604980469,86.8668441772461,86.86538696289062,86.86405944824219,86.8628158569336,86.86164093017578,86.86054992675781,88.0
301,85.87337493896484,86.9149169921875,86.88853454589844,86.8817138671875,86.87686920166016,86.87333679199219,86.87066650390625,86.86857604980469,86.8668441772461,86.86538696289062,86.86405944824219,86.8628158569336,86.86164093017578,86.86054992675781,68.0
302,85.87337493896484,86.9149169921875,86.88853454589844,86.8817138671875,86.87686920166016,86.87333679199219,86.87066650390625,86.86857604980469,86.8668441772461,86.86538696289062,86.86405944824219,86.8628158569336,86.86164093017578,86.86054992675781,48.0
303,85.87337493896484,86.9149169921875,86.88853454589844,86.8817138671875,86.87686920166016,86.87333679199219,86.87066650390625,86.86857604980469,86.8668441772461,86.86538696289062,86.86405944824219,86.8628158569336,86.86164093017578,86.86054992675781,28.0
304,85.87337493896484,86.9149169921875,86.88853454589844,86.8817138671875,86.87686920166016,86.87333679199219,86.87066650390625,86.86857604980469,86.8668441772461,86.86538696289062,86.86405944824219,86.8628158569336,86.86164093017578,86.86054992675781,8.0
305,85.87337493896484,86.9149169921875,86.88853454589844,86.8817138671875,86.87686920166016,86.87333679199219,86.87066650390625,86.86857604980469,86.8668441772461,86.86538696289062,86.86405944824219,86.8628158569336,86.86164093017578,86.86054992675781,150.0
306,85.87337493896484,86.9149169921875,86.88853454589844,86.8817138671875,86.87686920166016,86.87333679199219,86.87066650390625,86.86857604980469,86.8668441772461,86.86538696289062,86.86405944824219,86.8628158569336,86.86164093017578,86.86054992675781,148.0
307,85.87337493896484,86.9149169921875,86.88853454589844,86.8817138671875,86.87686920166016,86.87333679199219,86.87066650390625,86.86857604980469,86.8668441772461,86.86538696289062,86.86405944824219,86.8628158569336,86.86164093017578,86.86054992675781,128.0
308,85.87337493896484,86.9149169921875,86.88853454589844,86.8817138671875,86.87686920166016,86.87333679199219,86.87066650390625,86.86857604980469,86.8668441772461,86.86538696289062,86.86405944824219,86.8628158569336,86.86164093017578,86.86054992675781,108.0
309,85.87337493896484,86.9149169921875,86.88853454589844,86.8817138671875,86.87686920166016,86.87333679199219,86.87066650390625,86.86857604980469,86.8668441772461,86.86538696289062,86.86405944824219,86.8628158569336,86.86164093017578,86.86054992675781,88.0
310,85.75887298583984,86.70832824707031,86.6861801147461,86.68067932128906,86.67681884765625,86.67402648925781,86.67194366455078,86.67033386230469,86.66902923583984,86.66793823242188,86.66696166992188,86.6660385131836,86.66517639160156,86.66438293457031,68.0
311,85.75887298583984,86.70832824707031,86.6861801147461,86.68067932128906,86.67681884765625,86.67402648925781,86.67194366455078,86.67033386230469,86.66902923583984,86.66793823242188,86.66696166992188,86.6660385131836,86.66517639160156,86.66438293457031,48.0
312,85.75887298583984,86.70832824707031,86.6861801147461,86.68067932128906,86.67681884765625,86.67402648925781,86.67194366455078,86.67033386230469,86.66902923583984,86.66793823242188,86.66696166992188,86.6660385131836,86.66517639160156,86.66438293457031,28.0
313,85.75887298583984,86.70832824707031,86.6861801147461,86.68067932128906,86.67681884765625,86.67402648925781,86.67194366455078,86.67033386230469,86.66902923583984,86.66793823242188,86.66696166992188,86.6660385131836,86.66517639160156,86.66438293457031,8.0
314,85.75887298583984,86.70832824707031,86.6861801147461,86.68067932128906,86.67681884765625,86.67402648925781,86.67194366455078,86.67033386230469,86.66902923583984,86.66793823242188,86.66696166992188,86.6660385131836,86.66517639160156,86.66438293457031,150.0
315,85.75887298583984,86.70832824707031,86.6861801147461,86.68067932128906,86.67681884765625,86.67402648925781,86.67194366455078,86.67033386230469,86.66902923583984,86.66793823242188,86.66696166992188,86.6660385131836,86.66517639160156,86.66438293457031,150.0
316,85.75887298583984,86.70832824707031,86.6861801147461,86.68067932128906,86.67681884765625,86.67402648925781,86.67194366455078,86.67033386230469,86.66902923583984,86.66793823242188,86.66696166992188,86.6660385131836,86.66517639160156,86.66438293457031,150.0
317,85.75887298583984,86.70832824707031,86.6861801147461,86.68067932128906,86.67681884765625,86.67402648925781,86.67194366455078,86.67033386230469,86.66902923583984,86.66793823242188,86.66696166992188,86.6660385131836,86.66517639160156,86.66438293457031,136.0
318,85.75887298583984,86.70832824707031,86.6861801147461,86.68067932128906,86.67681884765625,86.67402648925781,86.67194366455078,86.67033386230469,86.66902923583984,86.66793823242188,86.66696166992188,86.6660385131836,86.66517639160156,86.66438293457031,116.0
319,85.75887298583984,86.70832824707031,86.6861801147461,86.68067932128906,86.67681884765625,86.67402648925781,86.67194366455078,86.67033386230469,86.66902923583984,86.66793823242188,86.66696166992188,86.6660385131836,86.66517639160156,86.66438293457031,96.0
320,85.81257629394531,86.66358184814453,86.6446762084961,86.63983917236328,86.636474609375,86.63404083251953,86.63223266601562,86.63085174560547,86.62973022460938,86.6288070678711,86.62797546386719,86.627197265625,86.62647247314453,86.62580871582031,76.0
321,85.81257629394531,86.66358184814453,86.6446762084961,86.63983917236328,86.636474609375,86.63404083251953,86.63223266601562,86.63085174560547,86.62973022460938,86.6288070678711,86.62797546386719,86.627197265625,86.62647247314453,86.62580871582031,56.0
322,85.81257629394531,86.66358184814453,86.6446762084961,86.63983917236328,86.636474609375,86.63404083251953,86.63223266601562,86.63085174560547,86.62973022460938,86.6288070678711,86.62797546386719,86.627197265625,86.62647247314453,86.62580871582031,36.0
323,85.81257629394531,86.66358184814453,86.6446762084961,86.63983917236328,86.636474609375,86.63404083251953,86.63223266601562,86.63085174560547,86.62973022460938,86.6288070678711,86.62797546386719,86.627197265625,86.62647247314453,86.62580871582031,16.0
324,85.81257629394531,86.66358184814453,86.6446762084961,86.63983917236328,86.636474609375,86.63404083251953,86.63223266601562,86.63085174560547,86.62973022460938,86.6288070678711,86.62797546386719,86.627197265625,86.62647247314453,86.62580871582031,150.0
325,85.81257629394531,86.66358184814453,86.6446762084961,86.63983917236328,86.636474609375,86.63404083251953,86.63223266601562,86.63085174560547,86.62973022460938,86.6288070678711,86.62797546386719,86.627197265625,86.62647247314453,86.62580871582031,150.0
326,85.81257629394531,86.66358184814453,86.6446762084961,86.63983917236328,86.636474609375,86.63404083251953,86.63223266601562,86.63085174560547,86.62973022460938,86.6288070678711,86.62797546386719,86.627197265625,86.62647247314453,86.62580871582031,136.0
327,85.81257629394531,86.66358184814453,86.6446762084961,86.63983917236328,86.636474609375,86.63404083251953,86.63223266601562,86.63085174560547,86.62973022460938,86.6288070678711,86.62797546386719,86.627197265625,86.62647247314453,86.62580871582031,116.0
328,85.81257629394531,86.66358184814453,86.6446762084961,86.63983917236328,86.636474609375,86.63404083251953,86.63223266601562,86.63085174560547,86.62973022460938,86.6288070678711,86.62797546386719,86.627197265625,86.62647247314453,86.62580871582031,96.0
329,85.81257629394531,86.66358184814453,86.6446762084961,86.63983917236328,86.636474609375,86.63404083251953,86.63223266601562,86.63085174560547,86.62973022460938,86.6288070678711,86.62797546386719,86.627197265625,86.62647247314453,86.62580871582031,76.0
330,85.94572448730469,86.69367218017578,86.67757415771484,86.67310333251953,86.67000579833984,86.66775512695312,86.66609191894531,86.6648178100586,86.66378021240234,86.66293334960938,86.66216278076172,86.66143798828125,86.66075897216797,86.66014099121094,56.0
331,85.94572448730469,86.69367218017578,86.67757415771484,86.67310333251953,86.67000579833984,86.66775512695312,86.66609191894531,86.6648178100586,86.66378021240234,86.66293334960938,86.66216278076172,86.66143798828125,86.66075897216797,86.66014099121094,36.0
332,85.94572448730469,86.69367218017578,86.67757415771484,86.67310333251953,86.67000579833984,86.66775512695312,86.66609191894531,86.6648178100586,86.66378021240234,86.66293334960938,86.66216278076172,86.66143798828125,86.66075897216797,86.66014099121094,16.0
333,85.94572448730469,86.69367218017578,86.67757415771484,86.67310333251953,86.67000579833984,86.66775512695312,86.66609191894531,86.6648178100586,86.66378021240234,86.66293334960938,86.66216278076172,86.66143798828125,86.66075897216797,86.66014099121094,150.0
334,85.94572448730469,86.69367218017578,86.67757415771484,86.67310333251953,86.67000579833984,86.66775512695312,86.66609191894531,86.6648178100586,86.66378021240234,86.66293334960938,86.66216278076172,86.66143798828125,86.66075897216797,86.66014099121094,150.0
335,85.94572448730469,86.69367218017578,86.67757415771484,86.67310333251953,86.67000579833984,86.66775512695312,86.66609191894531,86.6648178100586,86.66378021240234,86.66293334960938,86.66216278076172,86.66143798828125,86.66075897216797,86.66014099121094,147.0
336,85.94572448730469,86.69367218017578,86.67757415771484,86.67310333251953,86.67000579833984,86.66775512695312,86.66609191894531,86.6648178100586,86.66378021240234,86.66293334960938,86.66216278076172,86.66143798828125,86.66075897216797,86.66014099121094,127.0
337,85.94572448730469,86.69367218017578,86.67757415771484,86.67310333251953,86.67000579833984,86.66775512695312,86.66609191894531,86.6648178100586,86.66378021240234,86.66293334960938,86.66216278076172,86.66143798828125,86.66075897216797,86.66014099121094,107.0
338,85.94572448730469,86.69367218017578,86.67757415771484,86.67310333251953,86.67000579833984,86.66775512695312,86.66609191894531,86.6648178100586,86.66378021240234,86.66293334960938,86.66216278076172,86.66143798828125,86.66075897216797,86.66014099121094,87.0
339,85.94572448730469,86.69367218017578,86.67757415771484,86.67310333251953,86.67000579833984,86.66775512695312,86.66609191894531,86.6648178100586,86.66378021240234,86.66293334960938,86.66216278076172,86.66143798828125,86.66075897216797,86.66014099121094,67.0
340,86.20809936523438,86.85038757324219,86.83624267578125,86.83161163330078,86.82838439941406,86.82603454589844,86.82426452636719,86.82289123535156,86.82176208496094,86.82080841064453,86.8199462890625,86.81913757324219,86.81836700439453,86.81766510009766,47.0
341,86.20809936523438,86.85038757324219,86.83624267578125,86.83161163330078,86.82838439941406,86.82603454589844,86.82426452636719,86.82289123535156,86.82176208496094,86.82080841064453,86.8199462890625,86.81913757324219,86.81836700439453,86.81766510009766,27.0
342,86.20809936523438,86.85038757324219,86.83624267578125,86.83161163330078,86.82838439941406,86.82603454589844,86.82426452636719,86.82289123535156,86.82176208496094,86.82080841064453,86.8199462890625,86.81913757324219,86.81836700439453,86.81766510009766,7.0
343,86.20809936523438,86.85038757324219,86.83624267578125,86.83161163330078,86.82838439941406,86.82603454589844,86.82426452636719,86.82289123535156,86.82176208496094,86.82080841064453,86.8199462890625,86.81913757324219,86.81836700439453,86.81766510009766,150.0
344,86.20809936523438,86.85038757324219,86.83624267578125,86.83161163330078,86.82838439941406,86.82603454589844,86.82426452636719,86.82289123535156,86.82176208496094,86.82080841064453,86.8199462890625,86.81913757324219,86.81836700439453,86.81766510009766,150.0
345,86.20809936523438,86.85038757324219,86.83624267578125,86.83161163330078,86.82838439941406,86.82603454589844,86.82426452636719,86.82289123535156,86.82176208496094,86.82080841064453,86.8199462890625,86.81913757324219,86.81836700439453,86.81766510009766,132.0
346,86.20809936523438,86.85038757324219,86.83624267578125,86.83161163330078,86.82838439941406,86.82603454589844,86.82426452636719,86.82289123535156,86.82176208496094,86.82080841064453,86.8199462890625,86.81913757324219,86.81836700439453,86.81766510009766,112.0
347,86.20809936523438,86.85038757324219,86.83624267578125,86.83161163330078,86.82838439941406,86.82603454589844,86.82426452636719,86.82289123535156,86.82176208496094,86.82080841064453,86.8199462890625,86.81913757324219,86.81836700439453,86.81766510009766,92.0
348,86.20809936523438,86.85038757324219,86.83624267578125,86.83161163330078,86.82838439941406,86.82603454589844,86.82426452636719,86.82289123535156,86.82176208496094,86.82080841064453,86.8199462890625,86.81913757324219,86.81836700439453,86.81766510009766,72.0
349,86.20809936523438,86.85038757324219,86.83624267578125,86.83161163330078,86.82838439941406,86.82603454589844,86.82426452636719,86.82289123535156,86.82176208496094,86.82080841064453,86.8199462890625,86.81913757324219,86.81836700439453,86.81766510009766,52.0
350,86.40869140625,86.94464111328125,86.93280792236328,86.92831420898438,86.92518615722656,86.9228744506836,86.92112731933594,86.9197769165039,86.91864776611328,86.91768646240234,86.91680908203125,86.91598510742188,86.91520690917969,86.91448974609375,32.0
351,86.40869140625,86.94464111328125,86.93280792236328,86.92831420898438,86.92518615722656,86.9228744506836,86.92112731933594,86.9197769165039,86.91864776611328,86.91768646240234,86.91680908203125,86.91598510742188,86.91520690917969,86.91448974609375,12.0
352,86.40869140625,86.94464111328125,86.93280792236328,86.92831420898438,86.92518615722656,86.9228744506836,86.92112731933594,86.9197769165039,86.91864776611328,86.91768646240234,86.91680908203125,86.91598510742188,86.91520690917969,86.91448974609375,138.0
353,86.40869140625,86.94464111328125,86.93280792236328,86.92831420898438,86.92518615722656,86.9228744506836,86.92112731933594,86.9197769165039,86.91864776611328,86.91768646240234,86.91680908203125,86.91598510742188,86.91520690917969,86.91448974609375,118.0
354,86.40869140625,86.94464111328125,86.93280792236328,86.92831420898438,86.92518615722656,86.9228744506836,86.92112731933594,86.9197769165039,86.91864776611328,86.91768646240234,86.91680908203125,86.91598510742188,86.91520690917969,86.91448974609375,98.0
355,86.40869140625,86.94464111328125,86.93280792236328,86.92831420898438,86.92518615722656,86.9228744506836,86.92112731933594,86.9197769165039,86.91864776611328,86.91768646240234,86.91680908203125,86.91598510742188,86.91520690917969,86.91448974609375,78.0
356,86.40869140625,86.94464111328125,86.93280792236328,86.92831420898438,86.92518615722656,86.9228744506836,86.92112731933594,86.9197769165039,86.91864776611328,86.91768646240234,86.91680908203125,86.91598510742188,86.91520690917969,86.91448974609375,58.0
357,86.40869140625,86.94464111328125,86.93280792236328,86.92831420898438,86.92518615722656,86.9228744506836,86.92112731933594,86.9197769165039,86.91864776611328,86.91768646240234,86.91680908203125,86.91598510742188,86.91520690917969,86.91448974609375,38.0
358,86.40869140625,86.94464111328125,86.93280792236328,86.92831420898438,86.92518615722656,86.9228744506836,86.92112731933594,86.9197769165039,86.91864776611328,86.91768646240234,86.91680908203125,86.91598510742188,86.91520690917969,86.91448974609375,18.0
359,86.40869140625,86.94464111328125,86.93280792236328,86.92831420898438,86.92518615722656,86.9228744506836,86.92112731933594,86.9197769165039,86.91864776611328,86.91768646240234,86.91680908203125,86.91598510742188,86.91520690917969,86.91448974609375,150.0
360,86.37662506103516,86.8082504272461,86.80010986328125,86.79678344726562,86.79449462890625,86.7928237915039,86.79158020019531,86.79061889648438,86.78983306884766,86.78916931152344,86.78857421875,86.78800964355469,86.78748321533203,86.78699493408203,150.0
361,86.37662506103516,86.8082504272461,86.80010986328125,86.79678344726562,86.79449462890625,86.7928237915039,86.79158020019531,86.79061889648438,86.78983306884766,86.78916931152344,86.78857421875,86.78800964355469,86.78748321533203,86.78699493408203,150.0
362,86.37662506103516,86.8082504272461,86.80010986328125,86.79678344726562,86.79449462890625,86.7928237915039,86.79158020019531,86.79061889648438,86.78983306884766,86.78916931152344,86.78857421875,86.78800964355469,86.78748321533203,86.78699493408203,150.0
363,86.37662506103516,86.8082504272461,86.80010986328125,86.79678344726562,86.79449462890625,86.7928237915039,86.79158020019531,86.79061889648438,86.78983306884766,86.78916931152344,86.78857421875,86.78800964355469,86.78748321533203,86.78699493408203,150.0
364,86.37662506103516,86.8082504272461,86.80010986328125,86.79678344726562,86.79449462890625,86.7928237915039,86.79158020019531,86.79061889648438,86.78983306884766,86.78916931152344,86.78857421875,86.78800964355469,86.78748321533203,86.78699493408203,136.0
365,86.37662506103516,86.8082504272461,86.80010986328125,86.79678344726562,86.79449462890625,86.7928237915039,86.79158020019531,86.79061889648438,86.78983306884766,86.78916931152344,86.78857421875,86.78800964355469,86.78748321533203,86.78699493408203,116.0
366,86.37662506103516,86.8082504272461,86.80010986328125,86.79678344726562,86.79449462890625,86.7928237915039,86.79158020019531,86.79061889648438,86.78983306884766,86.78916931152344,86.78857421875,86.78800964355469,86.78748321533203,86.78699493408203,96.0
367,86.37662506103516,86.8082504272461,86.80010986328125,86.79678344726562,86.79449462890625,86.7928237915039,86.79158020019531,86.79061889648438,86.78983306884766,86.78916931152344,86.78857421875,86.78800964355469,86.78748321533203,86.78699493408203,76.0
368,86.37662506103516,86.8082504272461,86.80010986328125,86.79678344726562,86.79449462890625,86.7928237915039,86.79158020019531,86.79061889648438,86.78983306884766,86.78916931152344,86.78857421875,86.78800964355469,86.78748321533203,86.78699493408203,56.0
369,86.37662506103516,86.8082504272461,86.80010986328125,86.79678344726562,86.79449462890625,86.7928237915039,86.79158020019531,86.79061889648438,86.78983306884766,86.78916931152344,86.78857421875,86.78800964355469,86.78748321533203,86.78699493408203,150.0
370,86.97592163085938,87.30339813232422,87.29479217529297,87.28987884521484,87.28640747070312,87.28379821777344,87.28179168701172,87.28018188476562,87.27881622314453,87.27762603759766,87.27653503417969,87.27548217773438,87.27449798583984,87.27357482910156,150.0
371,86.97592163085938,87.30339813232422,87.29479217529297,87.28987884521484,87.28640747070312,87.28379821777344,87.28179168701172,87.28018188476562,87.27881622314453,87.27762603759766,87.27653503417969,87.27548217773438,87.27449798583984,87.27357482910156,150.0
372,86.97592163085938,87.30339813232422,87.29479217529297,87.28987884521484,87.28640747070312,87.28379821777344,87.28179168701172,87.28018188476562,87.27881622314453,87.27762603759766,87.27653503417969,87.27548217773438,87.27449798583984,87.27357482910156,134.0
373,86.97592163085938,87.30339813232422,87.29479217529297,87.28987884521484,87.28640747070312,87.28379821777344,87.28179168701172,87.28018188476562,87.27881622314453,87.27762603759766,87.27653503417969,87.27548217773438,87.27449798583984,87.27357482910156,114.0
374,86.97592163085938,87.30339813232422,87.29479217529297,87.28987884521484,87.28640747070312,87.28379821777344,87.28179168701172,87.28018188476562,87.27881622314453,87.27762603759766,87.27653503417969,87.27548217773438,87.27449798583984,87.27357482910156,94.0
375,86.97592163085938,87.30339813232422,87.29479217529297,87.28987884521484,87.28640747070312,87.28379821777344,87.28179168701172,87.28018188476562,87.27881622314453,87.27762603759766,87.27653503417969,87.27548217773438,87.27449798583984,87.27357482910156,74.0
376,86.97592163085938,87.30339813232422,87.29479217529297,87.28987884521484,87.28640747070312,87.28379821777344,87.28179168701172,87.28018188476562,87.27881622314453,87.27762603759766,87.27653503417969,87.27548217773438,87.27449798583984,87.27357482910156,54.0
377,86.97592163085938,87.30339813232422,87.29479217529297,87.28987884521484,87.28640747070312,87.28379821777344,87.28179168701172,87.28018188476562,87.27881622314453,87.27762603759766,87.27653503417969,87.27548217773438,87.27449798583984,87.27357482910156,34.0
378,86.97592163085938,87.30339813232422,87.29479217529297,87.28987884521484,87.28640747070312,87.28379821777344,87.28179168701172,87.28018188476562,87.27881622314453,87.27762603759766,87.27653503417969,87.27548217773438,87.27449798583984,87.27357482910156,14.0
379,86.97592163085938,87.30339813232422,87.29479217529297,87.28987884521484,87.28640747070312,87.28379821777344,87.28179168701172,87.28018188476562,87.27881622314453,87.27762603759766,87.27653503417969,87.27548217773438,87.27449798583984,87.27357482910156,150.0
380,87.68801879882812,87.91416931152344,87.90421295166016,87.89720153808594,87.89216613769531,87.88833618164062,87.88534545898438,87.88288879394531,87.88076782226562,87.87889862060547,87.8771743774414,87.87552642822266,87.87397766113281,87.87248992919922,150.0
381,87.68801879882812,87.91416931152344,87.90421295166016,87.89720153808594,87.89216613769531,87.88833618164062,87.88534545898438,87.88288879394531,87.88076782226562,87.87889862060547,87.8771743774414,87.87552642822266,87.87397766113281,87.87248992919922,150.0
382,87.68801879882812,87.91416931152344,87.90421295166016,87.89720153808594,87.89216613769531,87.88833618164062,87.88534545898438,87.88288879394531,87.88076782226562,87.87889862060547,87.8771743774414,87.87552642822266,87.87397766113281,87.87248992919922,135.0
383,87.68801879882812,87.91416931152344,87.90421295166016,87.89720153808594,87.89216613769531,87.88833618164062,87.88534545898438,87.88288879394531,87.88076782226562,87.87889862060547,87.8771743774414,87.87552642822266,87.87397766113281,87.87248992919922,115.0
384,87.68801879882812,87.91416931152344,87.90421295166016,87.89720153808594,87.89216613769531,87.88833618164062,87.88534545898438,87.88288879394531,87.88076782226562,87.87889862060547,87.8771743774414,87.87552642822266,87.87397766113281,87.87248992919922,95.0
385,87.68801879882812,87.91416931152344,87.90421295166016,87.89720153808594,87.89216613769531,87.88833618164062,87.88534545898438,87.88288879394531,87.88076782226562,87.87889862060547,87.8771743774414,87.87552642822266,87.87397766113281,87.87248992919922,75.0
386,87.68801879882812,87.91416931152344,87.90421295166016,87.89720153808594,87.89216613769531,87.88833618164062,87.88534545898438,87.88288879394531,87.88076782226562,87.87889862060547,87.8771743774414,87.87552642822266,87.87397766113281,87.87248992919922,55.0
387,87.68801879882812,87.91416931152344,87.90421295166016,87.89720153808594,87.89216613769531,87.88833618164062,87.88534545898438,87.88288879394531,87.88076782226562,87.87889862060547,87.8771743774414,87.87552642822266,87.87397766113281,87.87248992919922,35.0
388,87.68801879882812,87.91416931152344,87.90421295166016,87.89720153808594,87.89216613769531,87.88833618164062,87.88534545898438,87.88288879394531,87.88076782226562,87.87889862060547,87.8771743774414,87.87552642822266,87.87397766113281,87.87248992919922,15.0
389,87.68801879882812,87.91416931152344,87.90421295166016,87.89720153808594,87.89216613769531,87.88833618164062,87.88534545898438,87.88288879394531,87.88076782226562,87.87889862060547,87.8771743774414,87.87552642822266,87.87397766113281,87.87248992919922,150.0
390,88.50419616699219,88.63284301757812,88.62066650390625,88.6110610961914,88.6041259765625,88.59881591796875,88.59463500976562,88.59117889404297,88.58818054199219,88.58549499511719,88.58301544189453,88.58065795898438,88.57843017578125,88.57628631591797,150.0
391,88.50419616699219,88.63284301757812,88.62066650390625,88.6110610961914,88.6041259765625,88.59881591796875,88.59463500976562,88.59117889404297,88.58818054199219,88.58549499511719,88.58301544189453,88.58065795898438,88.57843017578125,88.57628631591797,138.0
392,88.50419616699219,88.63284301757812,88.62066650390625,88.6110610961914,88.6041259765625,88.59881591796875,88.59463500976562,88.59117889404297,88.58818054199219,88.58549499511719,88.58301544189453,88.58065795898438,88.57843017578125,88.57628631591797,118.0
393,88.50419616699219,88.63284301757812,88.62066650390625,88.6110610961914,88.6041259765625,88.59881591796875,88.59463500976562,88.59117889404297,88.58818054199219,88.58549499511719,88.58301544189453,88.58065795898438,88.57843017578125,88.57628631591797,98.0
394,88.50419616699219,88.63284301757812,88.62066650390625,88.6110610961914,88.6041259765625,88.59881591796875,88.59463500976562,88.59117889404297,88.58818054199219,88.58549499511719,88.58301544189453,88.58065795898438,88.57843017578125,88.57628631591797,78.0
395,88.50419616699219,88.63284301757812,88.62066650390625,88.6110610961914,88.6041259765625,88.59881591796875,88.59463500976562,88.59117889404297,88.58818054199219,88.58549499511719,88.58301544189453,88.58065795898438,88.57843017578125,88.57628631591797,58.0
396,88.50419616699219,88.63284301757812,88.62066650390625,88.6110610961914,88.6041259765625,88.59881591796875,88.59463500976562,88.59117889404297,88.58818054199219,88.58549499511719,88.58301544189453,88.58065795898438,88.57843017578125,88.57628631591797,38.0
397,88.50419616699219,88.63284301757812,88.62066650390625,88.6110610961914,88.6041259765625,88.59881591796875,88.59463500976562,88.59117889404297,88.58818054199219,88.58549499511719,88.58301544189453,88.58065795898438,88.57843017578125,88.57628631591797,18.0
398,88.50419616699219,88.63284301757812,88.62066650390625,88.6110610961914,88.6041259765625,88.59881591796875,88.59463500976562,88.59117889404297,88.58818054199219,88.58549499511719,88.58301544189453,88.58065795898438,88.57843017578125,88.57628631591797,150.0
399,88.50419616699219,88.63284301757812,88.62066650390625,88.6110610961914,88.6041259765625,88.59881591796875,88.59463500976562,88.59117889404297,88.58818054199219,88.58549499511719,88.58301544189453,88.58065795898438,88.57843017578125,88.57628631591797,150.0
400,89.43988800048828,89.47544860839844,89.46006774902344,89.44734954833984,89.4381103515625,89.4310302734375,89.42543029785156,89.42078399658203,89.41675567626953,89.41311645507812,89.40975952148438,89.40658569335938,89.403564453125,89.40066528320312,150.0
401,89.43988800048828,89.47544860839844,89.46006774902344,89.44734954833984,89.4381103515625,89.4310302734375,89.42543029785156,89.42078399658203,89.41675567626953,89.41311645507812,89.40975952148438,89.40658569335938,89.403564453125,89.40066528320312,133.0
402,89.43988800048828,89.47544860839844,89.46006774902344,89.44734954833984,89.4381103515625,89.4310302734375,89.42543029785156,89.42078399658203,89.41675567626953,89.41311645507812,89.40975952148438,89.40658569335938,89.403564453125,89.40066528320312,113.0
403,89.43988800048828,89.47544860839844,89.46006774902344,89.44734954833984,89.4381103515625,89.4310302734375,89.42543029785156,89.42078399658203,89.41675567626953,89.41311645507812,89.40975952148438,89.40658569335938,89.403564453125,89.40066528320312,93.0
404,89.43988800048828,89.47544860839844,89.46006774902344,89.44734954833984,89.4381103515625,89.4310302734375,89.42543029785156,89.42078399658203,89.41675567626953,89.41311645507812,89.40975952148438,89.40658569335938,89.403564453125,89.40066528320312,73.0
405,89.43988800048828,89.47544860839844,89.46006774902344,89.44734954833984,89.4381103515625,89.4310302734375,89.42543029785156,89.42078399658203,89.41675567626953,89.41311645507812,89.40975952148438,89.40658569335938,89.403564453125,89.40066528320312,53.0
406,89.43988800048828,89.47544860839844,89.46006774902344,89.44734954833984,89.4381103515625,89.4310302734375,89.42543029785156,89.42078399658203,89.41675567626953,89.41311645507812,89.40975952148438,89.40658569335938,89.403564453125,89.40066528320312,33.0
407,89.43988800048828,89.47544860839844,89.46006774902344,89.44734954833984,89.4381103515625,89.4310302734375,89.42543029785156,89.42078399658203,89.41675567626953,89.41311645507812,89.40975952148438,89.40658569335938,89.403564453125,89.40066528320312,13.0
408,89.43988800048828,89.47544860839844,89.46006774902344,89.44734954833984,89.4381103515625,89.4310302734375,89.42543029785156,89.42078399658203,89.41675567626953,89.41311645507812,89.40975952148438,89.40658569335938,89.403564453125,89.40066528320312,150.0
409,89.43988800048828,89.47544860839844,89.46006774902344,89.44734954833984,89.4381103515625,89.4310302734375,89.42543029785156,89.42078399658203,89.41675567626953,89.41311645507812,89.40975952148438,89.40658569335938,89.403564453125,89.40066528320312,150.0
410,90.4073486328125,90.35588836669922,90.33692932128906,90.32096862792969,90.30934143066406,90.30044555664062,90.29339599609375,90.28755187988281,90.282470703125,90.27788543701172,90.27363586425781,90.2696304321289,90.26580810546875,90.26215362548828,150.0
411,90.4073486328125,90.35588836669922,90.33692932128906,90.32096862792969,90.30934143066406,90.30044555664062,90.29339599609375,90.28755187988281,90.282470703125,90.27788543701172,90.27363586425781,90.2696304321289,90.26580810546875,90.26215362548828,133.0
412,90.4073486328125,90.35588836669922,90.33692932128906,90.32096862792969,90.30934143066406,90.30044555664062,90.29339599609375,90.28755187988281,90.282470703125,90.27788543701172,90.27363586425781,90.2696304321289,90.26580810546875,90.26215362548828,113.0
413,90.4073486328125,90.35588836669922,90.33692932128906,90.32096862792969,90.30934143066406,90.30044555664062,90.29339599609375,90.28755187988281,90.282470703125,90.27788543701172,90.27363586425781,90.2696304321289,90.26580810546875,90.26215362548828,93.0
414,90.4073486328125,90.35588836669922,90.33692932128906,90.32096862792969,90.30934143066406,90.30044555664062,90.29339599609375,90.28755187988281,90.282470703125,90.27788543701172,90.27363586425781,90.2696304321289,90.26580810546875,90.26215362548828,73.0
415,90.4073486328125,90.35588836669922,90.33692932128906,90.32096862792969,90.30934143066406,90.30044555664062,90.29339599609375,90.28755187988281,90.282470703125,90.27788543701172,90.27363586425781,90.2696304321289,90.26580810546875,90.26215362548828,53.0
416,90.4073486328125,90.35588836669922,90.33692932128906,90.32096862792969,90.30934143066406,90.30044555664062,90.29339599609375,90.28755187988281,90.282470703125,90.27788543701172,90.27363586425781,90.2696304321289,90.26580810546875,90.26215362548828,33.0
417,90.4073486328125,90.35588836669922,90.33692932128906,90.32096862792969,90.30934143066406,90.30044555664062,90.29339599609375,90.28755187988281,90.282470703125,90.27788543701172,90.27363586425781,90.2696304321289,90.26580810546875,90.26215362548828,13.0
418,90.4073486328125,90.35588836669922,90.33692932128906,90.32096862792969,90.30934143066406,90.30044555664062,90.29339599609375,90.28755187988281,90.282470703125,90.27788543701172,90.27363586425781,90.2696304321289,90.26580810546875,90.26215362548828,150.0
419,90.4073486328125,90.35588836669922,90.33692932128906,90.32096862792969,90.30934143066406,90.30044555664062,90.29339599609375,90.28755187988281,90.282470703125,90.27788543701172,90.27363586425781,90.2696304321289,90.26580810546875,90.26215362548828,150.0
420,91.38774871826172,91.25631713867188,91.23358154296875,91.21435546875,91.20037078857422,91.1896743774414,91.18119049072266,91.17416381835938,91.16806030273438,91.16255187988281,91.1574478149414,91.15262603759766,91.14804077148438,91.1436538696289,135.0
421,91.38774871826172,91.25631713867188,91.23358154296875,91.21435546875,91.20037078857422,91.1896743774414,91.18119049072266,91.17416381835938,91.16806030273438,91.16255187988281,91.1574478149414,91.15262603759766,91.14804077148438,91.1436538696289,115.0
422,91.38774871826172,91.25631713867188,91.23358154296875,91.21435546875,91.20037078857422,91.1896743774414,91.18119049072266,91.17416381835938,91.16806030273438,91.16255187988281,91.1574478149414,91.15262603759766,91.14804077148438,91.1436538696289,95.0
423,91.38774871826172,91.25631713867188,91.23358154296875,91.21435546875,91.20037078857422,91.1896743774414,91.18119049072266,91.17416381835938,91.16806030273438,91.16255187988281,91.1574478149414,91.15262603759766,91.14804077148438,91.1436538696289,75.0
424,91.38774871826172,91.25631713867188,91.23358154296875,91.21435546875,91.20037078857422,91.1896743774414,91.18119049072266,91.17416381835938,91.16806030273438,91.16255187988281,91.1574478149414,91.15262603759766,91.14804077148438,91.1436538696289,55.0
425,91.38774871826172,91.25631713867188,91.23358154296875,91.21435546875,91.20037078857422,91.1896743774414,91.18119049072266,91.17416381835938,91.16806030273438,91.16255187988281,91.1574478149414,91.15262603759766,91.14804077148438,91.1436538696289,35.0
426,91.38774871826172,91.25631713867188,91.23358154296875,91.21435546875,91.20037078857422,91.1896743774414,91.18119049072266,91.17416381835938,91.16806030273438,91.16255187988281,91.1574478149414,91.15262603759766,91.14804077148438,91.1436538696289,15.0
427,91.38774871826172,91.25631713867188,91.23358154296875,91.21435546875,91.20037078857422,91.1896743774414,91.18119049072266,91.17416381835938,91.16806030273438,91.16255187988281,91.1574478149414,91.15262603759766,91.14804077148438,91.1436538696289,150.0
428,91.38774871826172,91.25631713867188,91.23358154296875,91.21435546875,91.20037078857422,91.1896743774414,91.18119049072266,91.17416381835938,91.16806030273438,91.16255187988281,91.1574478149414,91.15262603759766,91.14804077148438,91.1436538696289,150.0
429,91.38774871826172,91.25631713867188,91.23358154296875,91.21435546875,91.20037078857422,91.1896743774414,91.18119049072266,91.17416381835938,91.16806030273438,91.16255187988281,91.1574478149414,91.15262603759766,91.14804077148438,91.1436538696289,150.0
430,92.38908386230469,92.1852798461914,92.15850830078125,92.13601684570312,92.11964416503906,92.1071548461914,92.09728240966797,92.08909606933594,92.08199310302734,92.07557678222656,92.06964111328125,92.06404876708984,92.05872344970703,92.05362701416016,150.0
431,92.38908386230469,92.1852798461914,92.15850830078125,92.13601684570312,92.11964416503906,92.1071548461914,92.09728240966797,92.08909606933594,92.08199310302734,92.07557678222656,92.06964111328125,92.06404876708984,92.05872344970703,92.05362701416016,150.0
432,92.38908386230469,92.1852798461914,92.15850830078125,92.13601684570312,92.11964416503906,92.1071548461914,92.09728240966797,92.08909606933594,92.08199310302734,92.07557678222656,92.06964111328125,92.06404876708984,92.05872344970703,92.05362701416016,137.0
433,92.38908386230469,92.1852798461914,92.15850830078125,92.13601684570312,92.11964416503906,92.1071548461914,92.09728240966797,92.08909606933594,92.08199310302734,92.07557678222656,92.06964111328125,92.06404876708984,92.05872344970703,92.05362701416016,117.0
434,92.38908386230469,92.1852798461914,92.15850830078125,92.13601684570312,92.11964416503906,92.1071548461914,92.09728240966797,92.08909606933594,92.08199310302734,92.07557678222656,92.06964111328125,92.06404876708984,92.05872344970703,92.05362701416016,97.0
435,92.38908386230469,92.1852798461914,92.15850830078125,92.13601684570312,92.11964416503906,92.1071548461914,92.09728240966797,92.08909606933594,92.08199310302734,92.07557678222656,92.06964111328125,92.06404876708984,92.05872344970703,92.05362701416016,77.0
436,92.38908386230469,92.1852798461914,92.15850830078125,92.13601684570312,92.11964416503906,92.1071548461914,92.09728240966797,92.08909606933594,92.08199310302734,92.07557678222656,92.06964111328125,92.06404876708984,92.05872344970703,92.05362701416016,57.0
437,92.38908386230469,92.1852798461914,92.15850830078125,92.13601684570312,92.11964416503906,92.1071548461914,92.09728240966797,92.08909606933594,92.08199310302734,92.07557678222656,92.06964111328125,92.06404876708984,92.05872344970703,92.05362701416016,150.0
438,92.38908386230469,92.1852798461914,92.15850830078125,92.13601684570312,92.11964416503906,92.1071548461914,92.09728240966797,92.08909606933594,92.08199310302734,92.07557678222656,92.06964111328125,92.06404876708984,92.05872344970703,92.05362701416016,150.0
439,92.38908386230469,92.1852798461914,92.15850830078125,92.13601684570312,92.11964416503906,92.1071548461914,92.09728240966797,92.08909606933594,92.08199310302734,92.07557678222656,92.06964111328125,92.06404876708984,92.05872344970703,92.05362701416016,133.0
440,93.84716033935547,93.57170867919922,93.53713989257812,93.50898742675781,93.48856353759766,93.47305297851562,93.46083068847656,93.45074462890625,93.4420166015625,93.43417358398438,93.42691040039062,93.42008209228516,93.41357421875,93.40736389160156,113.0
441,93.84716033935547,93.57170867919922,93.53713989257812,93.50898742675781,93.48856353759766,93.47305297851562,93.46083068847656,93.45074462890625,93.4420166015625,93.43417358398438,93.42691040039062,93.42008209228516,93.41357421875,93.40736389160156,93.0
442,93.84716033935547,93.57170867919922,93.53713989257812,93.50898742675781,93.48856353759766,93.47305297851562,93.46083068847656,93.45074462890625,93.4420166015625,93.43417358398438,93.42691040039062,93.42008209228516,93.41357421875,93.40736389160156,73.0
443,93.84716033935547,93.57170867919922,93.53713989257812,93.50898742675781,93.48856353759766,93.47305297851562,93.46083068847656,93.45074462890625,93.4420166015625,93.43417358398438,93.42691040039062,93.42008209228516,93.41357421875,93.40736389160156,53.0
444,93.84716033935547,93.57170867919922,93.53713989257812,93.50898742675781,93.48856353759766,93.47305297851562,93.46083068847656,93.45074462890625,93.4420166015625,93.43417358398438,93.42691040039062,93.42008209228516,93.41357421875,93.40736389160156,33.0
445,93.84716033935547,93.57170867919922,93.53713989257812,93.50898742675781,93.48856353759766,93.47305297851562,93.46083068847656,93.45074462890625,93.4420166015625,93.43417358398438,93.42691040039062,93.42008209228516,93.41357421875,93.40736389160156,13.0
446,93.84716033935547,93.57170867919922,93.53713989257812,93.50898742675781,93.48856353759766,93.47305297851562,93.46083068847656,93.45074462890625,93.4420166015625,93.43417358398438,93.42691040039062,93.42008209228516,93.41357421875,93.40736389160156,117.0
447,93.84716033935547,93.57170867919922,93.53713989257812,93.50898742675781,93.48856353759766,93.47305297851562,93.46083068847656,93.45074462890625,93.4420166015625,93.43417358398438,93.42691040039062,93.42008209228516,93.41357421875,93.40736389160156,97.0
448,93.84716033935547,93.57170867919922,93.53713989257812,93.50898742675781,93.48856353759766,93.47305297851562,93.46083068847656,93.45074462890625,93.4420166015625,93.43417358398438,93.42691040039062,93.42008209228516,93.41357421875,93.40736389160156,77.0
449,93.84716033935547,93.57170867919922,93.53713989257812,93.50898742675781,93.48856353759766,93.47305297851562,93.46083068847656,93.45074462890625,93.4420166015625,93.43417358398438,93.42691040039062,93.42008209228516,93.41357421875,93.40736389160156,57.0
450,94.764892578125,94.43611145019531,94.39830017089844,94.36766052246094,94.34544372558594,94.32860565185547,94.31534576416016,94.30442810058594,94.29499053955078,94.28651428222656,94.27867126464844,94.27129364013672,94.2642593383789,94.25756072998047,37.0
451,94.764892578125,94.43611145019531,94.39830017089844,94.36766052246094,94.34544372558594,94.32860565185547,94.31534576416016,94.30442810058594,94.29499053955078,94.28651428222656,94.27867126464844,94.27129364013672,94.2642593383789,94.25756072998047,17.0
452,94.764892578125,94.43611145019531,94.39830017089844,94.36766052246094,94.34544372558594,94.32860565185547,94.31534576416016,94.30442810058594,94.29499053955078,94.28651428222656,94.27867126464844,94.27129364013672,94.2642593383789,94.25756072998047,127.0
453,94.764892578125,94.43611145019531,94.39830017089844,94.36766052246094,94.34544372558594,94.32860565185547,94.31534576416016,94.30442810058594,94.29499053955078,94.28651428222656,94.27867126464844,94.27129364013672,94.2642593383789,94.25756072998047,107.0
454,94.764892578125,94.43611145019531,94.39830017089844,94.36766052246094,94.34544372558594,94.32860565185547,94.31534576416016,94.30442810058594,94.29499053955078,94.28651428222656,94.27867126464844,94.27129364013672,94.2642593383789,94.25756072998047,87.0
455,94.764892578125,94.43611145019531,94.39830017089844,94.36766052246094,94.34544372558594,94.32860565185547,94.31534576416016,94.30442810058594,94.29499053955078,94.28651428222656,94.27867126464844,94.27129364013672,94.2642593383789,94.25756072998047,67.0
456,94.764892578125,94.43611145019531,94.39830017089844,94.36766052246094,94.34544372558594,94.32860565185547,94.31534576416016,94.30442810058594,94.29499053955078,94.28651428222656,94.27867126464844,94.27129364013672,94.2642593383789,94.25756072998047,47.0
457,94.764892578125,94.43611145019531,94.39830017089844,94.36766052246094,94.34544372558594,94.32860565185547,94.31534576416016,94.30442810058594,94.29499053955078,94.28651428222656,94.27867126464844,94.27129364013672,94.2642593383789,94.25756072998047,27.0
458,94.764892578125,94.43611145019531,94.39830017089844,94.36766052246094,94.34544372558594,94.32860565185547,94.31534576416016,94.30442810058594,94.29499053955078,94.28651428222656,94.27867126464844,94.27129364013672,94.2642593383789,94.25756072998047,7.0
459,94.764892578125,94.43611145019531,94.39830017089844,94.36766052246094,94.34544372558594,94.32860565185547,94.31534576416016,94.30442810058594,94.29499053955078,94.28651428222656,94.27867126464844,94.27129364013672,94.2642593383789,94.25756072998047,150.0
460,95.06565856933594,94.70478057861328,94.66925811767578,94.63995361328125,94.61865234375,94.60247802734375,94.58971405029297,94.57917785644531,94.570068359375,94.56187438964844,94.55426788330078,94.54713439941406,94.54031372070312,94.53380584716797,150.0
461,95.06565856933594,94.70478057861328,94.66925811767578,94.63995361328125,94.61865234375,94.60247802734375,94.58971405029297,94.57917785644531,94.570068359375,94.56187438964844,94.55426788330078,94.54713439941406,94.54031372070312,94.53380584716797,150.0
462,95.06565856933594,94.70478057861328,94.66925811767578,94.63995361328125,94.61865234375,94.60247802734375,94.58971405029297,94.57917785644531,94.570068359375,94.56187438964844,94.55426788330078,94.54713439941406,94.54031372070312,94.53380584716797,150.0
463,95.06565856933594,94.70478057861328,94.66925811767578,94.63995361328125,94.61865234375,94.60247802734375,94.58971405029297,94.57917785644531,94.570068359375,94.56187438964844,94.55426788330078,94.54713439941406,94.54031372070312,94.53380584716797,131.0
464,95.06565856933594,94.70478057861328,94.66925811767578,94.63995361328125,94.61865234375,94.60247802734375,94.58971405029297,94.57917785644531,94.570068359375,94.56187438964844,94.55426788330078,94.54713439941406,94.54031372070312,94.53380584716797,111.0
465,95.06565856933594,94.70478057861328,94.66925811767578,94.63995361328125,94.61865234375,94.60247802734375,94.58971405029297,94.57917785644531,94.570068359375,94.56187438964844,94.55426788330078,94.54713439941406,94.54031372070312,94.53380584716797,91.0
466,95.06565856933594,94.70478057861328,94.66925811767578,94.63995361328125,94.61865234375,94.60247802734375,94.58971405029297,94.57917785644531,94.570068359375,94.56187438964844,94.55426788330078,94.54713439941406,94.54031372070312,94.53380584716797,71.0
467,95.06565856933594,94.70478057861328,94.66925811767578,94.63995361328125,94.61865234375,94.60247802734375,94.58971405029297,94.57917785644531,94.570068359375,94.56187438964844,94.55426788330078,94.54713439941406,94.54031372070312,94.53380584716797,51.0
468,95.06565856933594,94.70478057861328,94.66925811767578,94.63995361328125,94.61865234375,94.60247802734375,94.58971405029297,94.57917785644531,94.570068359375,94.56187438964844,94.55426788330078,94.54713439941406,94.54031372070312,94.53380584716797,31.0
469,95.06565856933594,94.70478057861328,94.66925811767578,94.63995361328125,94.61865234375,94.60247802734375,94.58971405029297,94.57917785644531,94.570068359375,94.56187438964844,94.55426788330078,94.54713439941406,94.54031372070312,94.53380584716797,150.0
470,95.59841918945312,95.21018981933594,95.17505645751953,95.14591217041016,95.1247329711914,95.108642578125,95.09596252441406,95.08546447753906,95.07640075683594,95.06824493408203,95.0606918334961,95.0535888671875,95.04679107666016,95.04032135009766,132.0
471,95.59841918945312,95.21018981933594,95.17505645751953,95.14591217041016,95.1247329711914,95.108642578125,95.09596252441406,95.08546447753906,95.07640075683594,95.06824493408203,95.0606918334961,95.0535888671875,95.04679107666016,95.04032135009766,112.0
472,95.59841918945312,95.21018981933594,95.17505645751953,95.14591217041016,95.1247329711914,95.108642578125,95.09596252441406,95.08546447753906,95.07640075683594,95.06824493408203,95.0606918334961,95.0535888671875,95.04679107666016,95.04032135009766,92.0
473,95.59841918945312,95.21018981933594,95.17505645751953,95.14591217041016,95.1247329711914,95.108642578125,95.09596252441406,95.08546447753906,95.07640075683594,95.06824493408203,95.0606918334961,95.0535888671875,95.04679107666016,95.04032135009766,72.0
474,95.59841918945312,95.21018981933594,95.17505645751953,95.14591217041016,95.1247329711914,95.108642578125,95.09596252441406,95.08546447753906,95.07640075683594,95.06824493408203,95.0606918334961,95.0535888671875,95.04679107666016,95.04032135009766,52.0
475,95.59841918945312,95.21018981933594,95.17505645751953,95.14591217041016,95.1247329711914,95.108642578125,95.09596252441406,95.08546447753906,95.07640075683594,95.06824493408203,95.0606918334961,95.0535888671875,95.04679107666016,95.04032135009766,32.0
476,95.59841918945312,95.21018981933594,95.17505645751953,95.14591217041016,95.1247329711914,95.108642578125,95.09596252441406,95.08546447753906,95.07640075683594,95.06824493408203,95.0606918334961,95.0535888671875,95.04679107666016,95.04032135009766,12.0
477,95.59841918945312,95.21018981933594,95.17505645751953,95.14591217041016,95.1247329711914,95.108642578125,95.09596252441406,95.08546447753906,95.07640075683594,95.06824493408203,95.0606918334961,95.0535888671875,95.04679107666016,95.04032135009766,150.0
478,95.59841918945312,95.21018981933594,95.17505645751953,95.14591217041016,95.1247329711914,95.108642578125,95.09596252441406,95.08546447753906,95.07640075683594,95.06824493408203,95.0606918334961,95.0535888671875,95.04679107666016,95.04032135009766,145.0
479,95.59841918945312,95.21018981933594,95.17505645751953,95.14591217041016,95.1247329711914,95.108642578125,95.09596252441406,95.08546447753906,95.07640075683594,95.06824493408203,95.0606918334961,95.0535888671875,95.04679107666016,95.04032135009766,125.0
480,96.01734924316406,95.61299133300781,95.57933044433594,95.55120849609375,95.5307388305664,95.51519012451172,95.50291442871094,95.49275970458984,95.48399353027344,95.47610473632812,95.46878051757812,95.46189880371094,95.45530700683594,95.44904327392578,105.0
481,96.01734924316406,95.61299133300781,95.57933044433594,95.55120849609375,95.5307388305664,95.51519012451172,95.50291442871094,95.49275970458984,95.48399353027344,95.47610473632812,95.46878051757812,95.46189880371094,95.45530700683594,95.44904327392578,85.0
482,96.01734924316406,95.61299133300781,95.57933044433594,95.55120849609375,95.5307388305664,95.51519012451172,95.50291442871094,95.49275970458984,95.48399353027344,95.47610473632812,95.46878051757812,95.46189880371094,95.45530700683594,95.44904327392578,65.0
483,96.01734924316406,95.61299133300781,95.57933044433594,95.55120849609375,95.5307388305664,95.51519012451172,95.50291442871094,95.49275970458984,95.48399353027344,95.47610473632812,95.46878051757812,95.46189880371094,95.45530700683594,95.44904327392578,45.0
484,96.01734924316406,95.61299133300781,95.57933044433594,95.55120849609375,95.5307388305664,95.51519012451172,95.50291442871094,95.49275970458984,95.48399353027344,95.47610473632812,95.46878051757812,95.46189880371094,95.45530700683594,95.44904327392578,25.0
485,96.01734924316406,95.61299133300781,95.57933044433594,95.55120849609375,95.5307388305664,95.51519012451172,95.50291442871094,95.49275970458984,95.48399353027344,95.47610473632812,95.46878051757812,95.46189880371094,95.45530700683594,95.44904327392578,5.0
486,96.01734924316406,95.61299133300781,95.57933044433594,95.55120849609375,95.5307388305664,95.51519012451172,95.50291442871094,95.49275970458984,95.48399353027344,95.47610473632812,95.46878051757812,95.46189880371094,95.45530700683594,95.44904327392578,150.0
487,96.01734924316406,95.61299133300781,95.57933044433594,95.55120849609375,95.5307388305664,95.51519012451172,95.50291442871094,95.49275970458984,95.48399353027344,95.47610473632812,95.46878051757812,95.46189880371094,95.45530700683594,95.44904327392578,140.0
488,96.01734924316406,95.61299133300781,95.57933044433594,95.55120849609375,95.5307388305664,95.51519012451172,95.50291442871094,95.49275970458984,95.48399353027344,95.47610473632812,95.46878051757812,95.46189880371094,95.45530700683594,95.44904327392578,120.0
489,96.01734924316406,95.61299133300781,95.57933044433594,95.55120849609375,95.5307388305664,95.51519012451172,95.50291442871094,95.49275970458984,95.48399353027344,95.47610473632812,95.46878051757812,95.46189880371094,95.45530700683594,95.44904327392578,100.0
490,96.16036224365234,95.75401306152344,95.72434997558594,95.69898986816406,95.68051147460938,95.66641235351562,95.65525817871094,95.64600372314453,95.63800048828125,95.63079071044922,95.62408447265625,95.61778259277344,95.61174011230469,95.60599517822266,80.0
491,96.16036224365234,95.75401306152344,95.72434997558594,95.69898986816406,95.68051147460938,95.66641235351562,95.65525817871094,95.64600372314453,95.63800048828125,95.63079071044922,95.62408447265625,95.61778259277344,95.61174011230469,95.60599517822266,60.0
492,96.16036224365234,95.75401306152344,95.72434997558594,95.69898986816406,95.68051147460938,95.66641235351562,95.65525817871094,95.64600372314453,95.63800048828125,95.63079071044922,95.62408447265625,95.61778259277344,95.61174011230469,95.60599517822266,40.0
493,96.16036224365234,95.75401306152344,95.72434997558594,95.69898986816406,95.68051147460938,95.66641235351562,95.65525817871094,95.64600372314453,95.63800048828125,95.63079071044922,95.62408447265625,95.61778259277344,95.61174011230469,95.60599517822266,20.0
494,96.16036224365234,95.75401306152344,95.72434997558594,95.69898986816406,95.68051147460938,95.66641235351562,95.65525817871094,95.64600372314453,95.63800048828125,95.63079071044922,95.62408447265625,95.61778259277344,95.61174011230469,95.60599517822266,0.0
495,96.16036224365234,95.75401306152344,95.72434997558594,95.69898986816406,95.68051147460938,95.66641235351562,95.65525817871094,95.64600372314453,95.63800048828125,95.63079071044922,95.62408447265625,95.61778259277344,95.61174011230469,95.60599517822266,150.0
496,96.16036224365234,95.75401306152344,95.72434997558594,95.69898986816406,95.68051147460938,95.66641235351562,95.65525817871094,95.64600372314453,95.63800048828125,95.63079071044922,95.62408447265625,95.61778259277344,95.61174011230469,95.60599517822266,134.0
497,96.16036224365234,95.75401306152344,95.72434997558594,95.69898986816406,95.68051147460938,95.66641235351562,95.65525817871094,95.64600372314453,95.63800048828125,95.63079071044922,95.62408447265625,95.61778259277344,95.61174011230469,95.60599517822266,114.0
498,96.16036224365234,95.75401306152344,95.72434997558594,95.69898986816406,95.68051147460938,95.66641235351562,95.65525817871094,95.64600372314453,95.63800048828125,95.63079071044922,95.62408447265625,95.61778259277344,95.61174011230469,95.60599517822266,94.0
499,96.16036224365234,95.75401306152344,95.72434997558594,95.69898986816406,95.68051147460938,95.66641235351562,95.65525817871094,95.64600372314453,95.63800048828125,95.63079071044922,95.62408447265625,95.61778259277344,95.61174011230469,95.60599517822266,74.0
500,95.90681457519531,95.51425170898438,95.49208068847656,95.47190856933594,95.45708465576172,95.4456787109375,95.43659973144531,95.42900085449219,95.42239379882812,95.41639709472656,95.41082000732422,95.40556335449219,95.4005126953125,95.39570617675781,54.0
501,95.90681457519531,95.51425170898438,95.49208068847656,95.47190856933594,95.45708465576172,95.4456787109375,95.43659973144531,95.42900085449219,95.42239379882812,95.41639709472656,95.41082000732422,95.40556335449219,95.4005126953125,95.39570617675781,34.0
502,95.90681457519531,95.51425170898438,95.49208068847656,95.47190856933594,95.45708465576172,95.4456787109375,95.43659973144531,95.42900085449219,95.42239379882812,95.41639709472656,95.41082000732422,95.40556335449219,95.4005126953125,95.39570617675781,14.0
503,95.90681457519531,95.51425170898438,95.49208068847656,95.47190856933594,95.45708465576172,95.4456787109375,95.43659973144531,95.42900085449219,95.42239379882812,95.41639709472656,95.41082000732422,95.40556335449219,95.4005126953125,95.39570617675781,150.0
504,95.90681457519531,95.51425170898438,95.49208068847656,95.47190856933594,95.45708465576172,95.4456787109375,95.43659973144531,95.42900085449219,95.42239379882812,95.41639709472656,95.41082000732422,95.40556335449219,95.4005126953125,95.39570617675781,150.0
505,95.90681457519531,95.51425170898438,95.49208068847656,95.47190856933594,95.45708465576172,95.4456787109375,95.43659973144531,95.42900085449219,95.42239379882812,95.41639709472656,95.41082000732422,95.40556335449219,95.4005126953125,95.39570617675781,150.0
506,95.90681457519531,95.51425170898438,95.49208068847656,95.47190856933594,95.45708465576172,95.4456787109375,95.43659973144531,95.42900085449219,95.42239379882812,95.41639709472656,95.41082000732422,95.40556335449219,95.4005126953125,95.39570617675781,150.0
507,95.90681457519531,95.51425170898438,95.49208068847656,95.47190856933594,95.45708465576172,95.4456787109375,95.43659973144531,95.42900085449219,95.42239379882812,95.41639709472656,95.41082000732422,95.40556335449219,95.4005126953125,95.39570617675781,150.0
508,95.90681457519531,95.51425170898438,95.49208068847656,95.47190856933594,95.45708465576172,95.4456787109375,95.43659973144531,95.42900085449219,95.42239379882812,95.41639709472656,95.41082000732422,95.40556335449219,95.4005126953125,95.39570617675781,150.0
509,95.90681457519531,95.51425170898438,95.49208068847656,95.47190856933594,95.45708465576172,95.4456787109375,95.43659973144531,95.42900085449219,95.42239379882812,95.41639709472656,95.41082000732422,95.40556335449219,95.4005126953125,95.39570617675781,143.0
510,96.04120635986328,95.66123962402344,95.64299011230469,95.62572479248047,95.61295318603516,95.60309600830078,95.5951919555664,95.58856201171875,95.5827865600586,95.57752227783203,95.5726318359375,95.5679931640625,95.56354522705078,95.55931854248047,123.0
511,96.04120635986328,95.66123962402344,95.64299011230469,95.62572479248047,95.61295318603516,95.60309600830078,95.5951919555664,95.58856201171875,95.5827865600586,95.57752227783203,95.5726318359375,95.5679931640625,95.56354522705078,95.55931854248047,103.0
512,96.04120635986328,95.66123962402344,95.64299011230469,95.62572479248047,95.61295318603516,95.60309600830078,95.5951919555664,95.58856201171875,95.5827865600586,95.57752227783203,95.5726318359375,95.5679931640625,95.56354522705078,95.55931854248047,83.0
513,96.04120635986328,95.66123962402344,95.64299011230469,95.62572479248047,95.61295318603516,95.60309600830078,95.5951919555664,95.58856201171875,95.5827865600586,95.57752227783203,95.5726318359375,95.5679931640625,95.56354522705078,95.55931854248047,133.0
514,96.04120635986328,95.66123962402344,95.64299011230469,95.62572479248047,95.61295318603516,95.60309600830078,95.5951919555664,95.58856201171875,95.5827865600586,95.57752227783203,95.5726318359375,95.5679931640625,95.56354522705078,95.55931854248047,113.0
515,96.04120635986328,95.66123962402344,95.64299011230469,95.62572479248047,95.61295318603516,95.60309600830078,95.5951919555664,95.58856201171875,95.5827865600586,95.57752227783203,95.5726318359375,95.5679931640625,95.56354522705078,95.55931854248047,93.0
516,96.04120635986328,95.66123962402344,95.64299011230469,95.62572479248047,95.61295318603516,95.60309600830078,95.5951919555664,95.58856201171875,95.5827865600586,95.57752227783203,95.5726318359375,95.5679931640625,95.56354522705078,95.55931854248047,73.0
517,96.04120635986328,95.66123962402344,95.64299011230469,95.62572479248047,95.61295318603516,95.60309600830078,95.5951919555664,95.58856201171875,95.5827865600586,95.57752227783203,95.5726318359375,95.5679931640625,95.56354522705078,95.55931854248047,53.0
518,96.04120635986328,95.66123962402344,95.64299011230469,95.62572479248047,95.61295318603516,95.60309600830078,95.5951919555664,95.58856201171875,95.5827865600586,95.57752227783203,95.5726318359375,95.5679931640625,95.56354522705078,95.55931854248047,33.0
519,96.04120635986328,95.66123962402344,95.64299011230469,95.62572479248047,95.61295318603516,95.60309600830078,95.5951919555664,95.58856201171875,95.5827865600586,95.57752227783203,95.5726318359375,95.5679931640625,95.56354522705078,95.55931854248047,13.0
520,95.88825988769531,95.5323257446289,95.52024841308594,95.50743865966797,95.49784088134766,95.4903335571289,95.48424530029297,95.47908020019531,95.47454071044922,95.47036743164062,95.46647644042969,95.4627914428711,95.45924377441406,95.45586395263672,150.0
521,95.88825988769531,95.5323257446289,95.52024841308594,95.50743865966797,95.49784088134766,95.4903335571289,95.48424530029297,95.47908020019531,95.47454071044922,95.47036743164062,95.46647644042969,95.4627914428711,95.45924377441406,95.45586395263672,150.0
522,95.88825988769531,95.5323257446289,95.52024841308594,95.50743865966797,95.49784088134766,95.4903335571289,95.48424530029297,95.47908020019531,95.47454071044922,95.47036743164062,95.46647644042969,95.4627914428711,95.45924377441406,95.45586395263672,139.0
523,95.88825988769531,95.5323257446289,95.52024841308594,95.50743865966797,95.49784088134766,95.4903335571289,95.48424530029297,95.47908020019531,95.47454071044922,95.47036743164062,95.46647644042969,95.4627914428711,95.45924377441406,95.45586395263672,119.0
524,95.88825988769531,95.5323257446289,95.52024841308594,95.50743865966797,95.49784088134766,95.4903335571289,95.48424530029297,95.47908020019531,95.47454071044922,95.47036743164062,95.46647644042969,95.4627914428711,95.45924377441406,95.45586395263672,99.0
525,95.88825988769531,95.5323257446289,95.52024841308594,95.50743865966797,95.49784088134766,95.4903335571289,95.48424530029297,95.47908020019531,95.47454071044922,95.47036743164062,95.46647644042969,95.4627914428711,95.45924377441406,95.45586395263672,79.0
526,95.88825988769531,95.5323257446289,95.52024841308594,95.50743865966797,95.49784088134766,95.4903335571289,95.48424530029297,95.47908020019531,95.47454071044922,95.47036743164062,95.46647644042969,95.4627914428711,95.45924377441406,95.45586395263672,59.0
527,95.88825988769531,95.5323257446289,95.52024841308594,95.50743865966797,95.49784088134766,95.4903335571289,95.48424530029297,95.47908020019531,95.47454071044922,95.47036743164062,95.46647644042969,95.4627914428711,95.45924377441406,95.45586395263672,39.0
528,95.88825988769531,95.5323257446289,95.52024841308594,95.50743865966797,95.49784088134766,95.4903335571289,95.48424530029297,95.47908020019531,95.47454071044922,95.47036743164062,95.46647644042969,95.4627914428711,95.45924377441406,95.45586395263672,19.0
529,95.88825988769531,95.5323257446289,95.52024841308594,95.50743865966797,95.49784088134766,95.4903335571289,95.48424530029297,95.47908020019531,95.47454071044922,95.47036743164062,95.46647644042969,95.4627914428711,95.45924377441406,95.45586395263672,117.0
530,95.77235412597656,95.44436645507812,95.43782043457031,95.42910766601562,95.42241668701172,95.41706848144531,95.41266632080078,95.40885162353516,95.40547180175781,95.40233612060547,95.39939880371094,95.39659118652344,95.39387512207031,95.39129638671875,97.0
531,95.77235412597656,95.44436645507812,95.43782043457031,95.42910766601562,95.42241668701172,95.41706848144531,95.41266632080078,95.40885162353516,95.40547180175781,95.40233612060547,95.39939880371094,95.39659118652344,95.39387512207031,95.39129638671875,77.0
532,95.77235412597656,95.44436645507812,95.43782043457031,95.42910766601562,95.42241668701172,95.41706848144531,95.41266632080078,95.40885162353516,95.40547180175781,95.40233612060547,95.39939880371094,95.39659118652344,95.39387512207031,95.39129638671875,57.0
533,95.77235412597656,95.44436645507812,95.43782043457031,95.42910766601562,95.42241668701172,95.41706848144531,95.41266632080078,95.40885162353516,95.40547180175781,95.40233612060547,95.39939880371094,95.39659118652344,95.39387512207031,95.39129638671875,37.0
534,95.77235412597656,95.44436645507812,95.43782043457031,95.42910766601562,95.42241668701172,95.41706848144531,95.41266632080078,95.40885162353516,95.40547180175781,95.40233612060547,95.39939880371094,95.39659118652344,95.39387512207031,95.39129638671875,17.0
535,95.77235412597656,95.44436645507812,95.43782043457031,95.42910766601562,95.42241668701172,95.41706848144531,95.41266632080078,95.40885162353516,95.40547180175781,95.40233612060547,95.39939880371094,95.39659118652344,95.39387512207031,95.39129638671875,150.0
536,95.77235412597656,95.44436645507812,95.43782043457031,95.42910766601562,95.42241668701172,95.41706848144531,95.41266632080078,95.40885162353516,95.40547180175781,95.40233612060547,95.39939880371094,95.39659118652344,95.39387512207031,95.39129638671875,150.0
537,95.77235412597656,95.44436645507812,95.43782043457031,95.42910766601562,95.42241668701172,95.41706848144531,95.41266632080078,95.40885162353516,95.40547180175781,95.40233612060547,95.39939880371094,95.39659118652344,95.39387512207031,95.39129638671875,148.0
538,95.77235412597656,95.44436645507812,95.43782043457031,95.42910766601562,95.42241668701172,95.41706848144531,95.41266632080078,95.40885162353516,95.40547180175781,95.40233612060547,95.39939880371094,95.39659118652344,95.39387512207031,95.39129638671875,128.0
539,95.77235412597656,95.44436645507812,95.43782043457031,95.42910766601562,95.42241668701172,95.41706848144531,95.41266632080078,95.40885162353516,95.40547180175781,95.40233612060547,95.39939880371094,95.39659118652344,95.39387512207031,95.39129638671875,108.0
540,95.69000244140625,95.39299774169922,95.39132690429688,95.38628387451172,95.38221740722656,95.37884521484375,95.37596130371094,95.37339782714844,95.37107849121094,95.36888122558594,95.36682891845703,95.36483001708984,95.36289978027344,95.36105346679688,88.0
541,95.69000244140625,95.39299774169922,95.39132690429688,95.38628387451172,95.38221740722656,95.37884521484375,95.37596130371094,95.37339782714844,95.37107849121094,95.36888122558594,95.36682891845703,95.36483001708984,95.36289978027344,95.36105346679688,68.0
542,95.69000244140625,95.39299774169922,95.39132690429688,95.38628387451172,95.38221740722656,95.37884521484375,95.37596130371094,95.37339782714844,95.37107849121094,95.36888122558594,95.36682891845703,95.36483001708984,95.36289978027344,95.36105346679688,48.0
543,95.69000244140625,95.39299774169922,95.39132690429688,95.38628387451172,95.38221740722656,95.37884521484375,95.37596130371094,95.37339782714844,95.37107849121094,95.36888122558594,95.36682891845703,95.36483001708984,95.36289978027344,95.36105346679688,28.0
544,95.69000244140625,95.39299774169922,95.39132690429688,95.38628387451172,95.38221740722656,95.37884521484375,95.37596130371094,95.37339782714844,95.37107849121094,95.36888122558594,95.36682891845703,95.36483001708984,95.36289978027344,95.36105346679688,8.0
545,95.69000244140625,95.39299774169922,95.39132690429688,95.38628387451172,95.38221740722656,95.37884521484375,95.37596130371094,95.37339782714844,95.37107849121094,95.36888122558594,95.36682891845703,95.36483001708984,95.36289978027344,95.36105346679688,150.0
546,95.69000244140625,95.39299774169922,95.39132690429688,95.38628387451172,95.38221740722656,95.37884521484375,95.37596130371094,95.37339782714844,95.37107849121094,95.36888122558594,95.36682891845703,95.36483001708984,95.36289978027344,95.36105346679688,150.0
547,95.69000244140625,95.39299774169922,95.39132690429688,95.38628387451172,95.38221740722656,95.37884521484375,95.37596130371094,95.37339782714844,95.37107849121094,95.36888122558594,95.36682891845703,95.36483001708984,95.36289978027344,95.36105346679688,150.0
548,95.69000244140625,95.39299774169922,95.39132690429688,95.38628387451172,95.38221740722656,95.37884521484375,95.37596130371094,95.37339782714844,95.37107849121094,95.36888122558594,95.36682891845703,95.36483001708984,95.36289978027344,95.36105346679688,133.0
549,95.69000244140625,95.39299774169922,95.39132690429688,95.38628387451172,95.38221740722656,95.37884521484375,95.37596130371094,95.37339782714844,95.37107849121094,95.36888122558594,95.36682891845703,95.36483001708984,95.36289978027344,95.36105346679688,113.0
550,95.57533264160156,95.31256103515625,95.31556701660156,95.31411743164062,95.31262969970703,95.31119537353516,95.30982208251953,95.3084716796875,95.30719757080078,95.30594635009766,95.30474090576172,95.3035659790039,95.30239868164062,95.30128479003906,93.0
551,95.57533264160156,95.31256103515625,95.31556701660156,95.31411743164062,95.31262969970703,95.31119537353516,95.30982208251953,95.3084716796875,95.30719757080078,95.30594635009766,95.30474090576172,95.3035659790039,95.30239868164062,95.30128479003906,73.0
552,95.57533264160156,95.31256103515625,95.31556701660156,95.31411743164062,95.31262969970703,95.31119537353516,95.30982208251953,95.3084716796875,95.30719757080078,95.30594635009766,95.30474090576172,95.3035659790039,95.30239868164062,95.30128479003906,53.0
553,95.57533264160156,95.31256103515625,95.31556701660156,95.31411743164062,95.31262969970703,95.31119537353516,95.30982208251953,95.3084716796875,95.30719757080078,95.30594635009766,95.30474090576172,95.3035659790039,95.30239868164062,95.30128479003906,33.0
554,95.57533264160156,95.31256103515625,95.31556701660156,95.31411743164062,95.31262969970703,95.31119537353516,95.30982208251953,95.3084716796875,95.30719757080078,95.30594635009766,95.30474090576172,95.3035659790039,95.30239868164062,95.30128479003906,13.0
555,95.57533264160156,95.31256103515625,95.31556701660156,95.31411743164062,95.31262969970703,95.31119537353516,95.30982208251953,95.3084716796875,95.30719757080078,95.30594635009766,95.30474090576172,95.3035659790039,95.30239868164062,95.30128479003906,150.0
556,95.57533264160156,95.31256103515625,95.31556701660156,95.31411743164062,95.31262969970703,95.31119537353516,95.30982208251953,95.3084716796875,95.30719757080078,95.30594635009766,95.30474090576172,95.3035659790039,95.30239868164062,95.30128479003906,150.0
557,95.57533264160156,95.31256103515625,95.31556701660156,95.31411743164062,95.31262969970703,95.31119537353516,95.30982208251953,95.3084716796875,95.30719757080078,95.30594635009766,95.30474090576172,95.3035659790039,95.30239868164062,95.30128479003906,150.0
558,95.57533264160156,95.31256103515625,95.31556701660156,95.31411743164062,95.31262969970703,95.31119537353516,95.30982208251953,95.3084716796875,95.30719757080078,95.30594635009766,95.30474090576172,95.3035659790039,95.30239868164062,95.30128479003906,133.0
559,95.57533264160156,95.31256103515625,95.31556701660156,95.31411743164062,95.31262969970703,95.31119537353516,95.30982208251953,95.3084716796875,95.30719757080078,95.30594635009766,95.30474090576172,95.3035659790039,95.30239868164062,95.30128479003906,113.0
560,95.4823226928711,95.25518798828125,95.26221466064453,95.26395416259766,95.26475524902344,95.2650375366211,95.26500701904297,95.26476287841797,95.26444244384766,95.26403045654297,95.26360321044922,95.26315307617188,95.26268768310547,95.26223754882812,93.0
561,95.4823226928711,95.25518798828125,95.26221466064453,95.26395416259766,95.26475524902344,95.2650375366211,95.26500701904297,95.26476287841797,95.26444244384766,95.26403045654297,95.26360321044922,95.26315307617188,95.26268768310547,95.26223754882812,73.0
562,95.4823226928711,95.25518798828125,95.26221466064453,95.26395416259766,95.26475524902344,95.2650375366211,95.26500701904297,95.26476287841797,95.26444244384766,95.26403045654297,95.26360321044922,95.26315307617188,95.26268768310547,95.26223754882812,53.0
563,95.4823226928711,95.25518798828125,95.26221466064453,95.26395416259766,95.26475524902344,95.2650375366211,95.26500701904297,95.26476287841797,95.26444244384766,95.26403045654297,95.26360321044922,95.26315307617188,95.26268768310547,95.26223754882812,33.0
564,95.4823226928711,95.25518798828125,95.26221466064453,95.26395416259766,95.26475524902344,95.2650375366211,95.26500701904297,95.26476287841797,95.26444244384766,95.26403045654297,95.26360321044922,95.26315307617188,95.26268768310547,95.26223754882812,13.0
565,95.4823226928711,95.25518798828125,95.26221466064453,95.26395416259766,95.26475524902344,95.2650375366211,95.26500701904297,95.26476287841797,95.26444244384766,95.26403045654297,95.26360321044922,95.26315307617188,95.26268768310547,95.26223754882812,146.0
566,95.4823226928711,95.25518798828125,95.26221466064453,95.26395416259766,95.26475524902344,95.2650375366211,95.26500701904297,95.26476287841797,95.26444244384766,95.26403045654297,95.26360321044922,95.26315307617188,95.26268768310547,95.26223754882812,126.0
567,95.4823226928711,95.25518798828125,95.26221466064453,95.26395416259766,95.26475524902344,95.2650375366211,95.26500701904297,95.26476287841797,95.26444244384766,95.26403045654297,95.26360321044922,95.26315307617188,95.26268768310547,95.26223754882812,106.0
568,95.4823226928711,95.25518798828125,95.26221466064453,95.26395416259766,95.26475524902344,95.2650375366211,95.26500701904297,95.26476287841797,95.26444244384766,95.26403045654297,95.26360321044922,95.26315307617188,95.26268768310547,95.26223754882812,86.0
569,95.4823226928711,95.25518798828125,95.26221466064453,95.26395416259766,95.26475524902344,95.2650375366211,95.26500701904297,95.26476287841797,95.26444244384766,95.26403045654297,95.26360321044922,95.26315307617188,95.26268768310547,95.26223754882812,66.0
570,95.08920288085938,94.90357971191406,94.91655731201172,94.92274475097656,94.92672729492188,94.92939758300781,94.93122100830078,94.93248748779297,94.93344116210938,94.93417358398438,94.93479919433594,94.93534088134766,94.93580627441406,94.93624877929688,46.0
571,95.08920288085938,94.90357971191406,94.91655731201172,94.92274475097656,94.92672729492188,94.92939758300781,94.93122100830078,94.93248748779297,94.93344116210938,94.93417358398438,94.93479919433594,94.93534088134766,94.93580627441406,94.93624877929688,26.0
572,95.08920288085938,94.90357971191406,94.91655731201172,94.92274475097656,94.92672729492188,94.92939758300781,94.93122100830078,94.93248748779297,94.93344116210938,94.93417358398438,94.93479919433594,94.93534088134766,94.93580627441406,94.93624877929688,6.0
573,95.08920288085938,94.90357971191406,94.91655731201172,94.92274475097656,94.92672729492188,94.92939758300781,94.93122100830078,94.93248748779297,94.93344116210938,94.93417358398438,94.93479919433594,94.93534088134766,94.93580627441406,94.93624877929688,150.0
574,95.08920288085938,94.90357971191406,94.91655731201172,94.92274475097656,94.92672729492188,94.92939758300781,94.93122100830078,94.93248748779297,94.93344116210938,94.93417358398438,94.93479919433594,94.93534088134766,94.93580627441406,94.93624877929688,150.0
575,95.08920288085938,94.90357971191406,94.91655731201172,94.92274475097656,94.92672729492188,94.92939758300781,94.93122100830078,94.93248748779297,94.93344116210938,94.93417358398438,94.93479919433594,94.93534088134766,94.93580627441406,94.93624877929688,150.0
576,95.08920288085938,94.90357971191406,94.91655731201172,94.92274475097656,94.92672729492188,94.92939758300781,94.93122100830078,94.93248748779297,94.93344116210938,94.93417358398438,94.93479919433594,94.93534088134766,94.93580627441406,94.93624877929688,149.0
577,95.08920288085938,94.90357971191406,94.91655731201172,94.92274475097656,94.92672729492188,94.92939758300781,94.93122100830078,94.93248748779297,94.93344116210938,94.93417358398438,94.93479919433594,94.93534088134766,94.93580627441406,94.93624877929688,129.0
578,95.08920288085938,94.90357971191406,94.91655731201172,94.92274475097656,94.92672729492188,94.92939758300781,94.93122100830078,94.93248748779297,94.93344116210938,94.93417358398438,94.93479919433594,94.93534088134766,94.93580627441406,94.93624877929688,109.0
579,95.08920288085938,94.90357971191406,94.91655731201172,94.92274475097656,94.92672729492188,94.92939758300781,94.93122100830078,94.93248748779297,94.93344116210938,94.93417358398438,94.93479919433594,94.93534088134766,94.93580627441406,94.93624877929688,89.0
580,94.83846282958984,94.6918716430664,94.70907592773438,94.71856689453125,94.72494506835938,94.72941589355469,94.73265075683594,94.73506164550781,94.73702239990234,94.73861694335938,94.74005889892578,94.74136352539062,94.74256896972656,94.74371337890625,69.0
581,94.83846282958984,94.6918716430664,94.70907592773438,94.71856689453125,94.72494506835938,94.72941589355469,94.73265075683594,94.73506164550781,94.73702239990234,94.73861694335938,94.74005889892578,94.74136352539062,94.74256896972656,94.74371337890625,49.0
582,94.83846282958984,94.6918716430664,94.70907592773438,94.71856689453125,94.72494506835938,94.72941589355469,94.73265075683594,94.73506164550781,94.73702239990234,94.73861694335938,94.74005889892578,94.74136352539062,94.74256896972656,94.74371337890625,29.0
583,94.83846282958984,94.6918716430664,94.70907592773438,94.71856689453125,94.72494506835938,94.72941589355469,94.73265075683594,94.73506164550781,94.73702239990234,94.73861694335938,94.74005889892578,94.74136352539062,94.74256896972656,94.74371337890625,150.0
584,94.83846282958984,94.6918716430664,94.70907592773438,94.71856689453125,94.72494506835938,94.72941589355469,94.73265075683594,94.73506164550781,94.73702239990234,94.73861694335938,94.74005889892578,94.74136352539062,94.74256896972656,94.74371337890625,150.0
585,94.83846282958984,94.6918716430664,94.70907592773438,94.71856689453125,94.72494506835938,94.72941589355469,94.73265075683594,94.73506164550781,94.73702239990234,94.73861694335938,94.74005889892578,94.74136352539062,94.74256896972656,94.74371337890625,150.0
586,94.83846282958984,94.6918716430664,94.70907592773438,94.71856689453125,94.72494506835938,94.72941589355469,94.73265075683594,94.73506164550781,94.73702239990234,94.73861694335938,94.74005889892578,94.74136352539062,94.74256896972656,94.74371337890625,130.0
587,94.83846282958984,94.6918716430664,94.70907592773438,94.71856689453125,94.72494506835938,94.72941589355469,94.73265075683594,94.73506164550781,94.73702239990234,94.73861694335938,94.74005889892578,94.74136352539062,94.74256896972656,94.74371337890625,110.0
588,94.83846282958984,94.6918716430664,94.70907592773438,94.71856689453125,94.72494506835938,94.72941589355469,94.73265075683594,94.73506164550781,94.73702239990234,94.73861694335938,94.74005889892578,94.74136352539062,94.74256896972656,94.74371337890625,90.0
589,94.83846282958984,94.6918716430664,94.70907592773438,94.71856689453125,94.72494506835938,94.72941589355469,94.73265075683594,94.73506164550781,94.73702239990234,94.73861694335938,94.74005889892578,94.74136352539062,94.74256896972656,94.74371337890625,70.0
590,94.70649719238281,94.59629821777344,94.61622619628906,94.62801361083984,94.63607025146484,94.64181518554688,94.64604949951172,94.64929962158203,94.65196990966797,94.65422821044922,94.65626525878906,94.65814971923828,94.65987396240234,94.66153717041016,50.0
591,94.70649719238281,94.59629821777344,94.61622619628906,94.62801361083984,94.63607025146484,94.64181518554688,94.64604949951172,94.64929962158203,94.65196990966797,94.65422821044922,94.65626525878906,94.65814971923828,94.65987396240234,94.66153717041016,30.0
592,94.70649719238281,94.59629821777344,94.61622619628906,94.62801361083984,94.63607025146484,94.64181518554688,94.64604949951172,94.64929962158203,94.65196990966797,94.65422821044922,94.65626525878906,94.65814971923828,94.65987396240234,94.66153717041016,10.0
593,94.70649719238281,94.59629821777344,94.61622619628906,94.62801361083984,94.63607025146484,94.64181518554688,94.64604949951172,94.64929962158203,94.65196990966797,94.65422821044922,94.65626525878906,94.65814971923828,94.65987396240234,94.66153717041016,134.0
594,94.70649719238281,94.59629821777344,94.61622619628906,94.62801361083984,94.63607025146484,94.64181518554688,94.64604949951172,94.64929962158203,94.65196990966797,94.65422821044922,94.65626525878906,94.65814971923828,94.65987396240234,94.66153717041016,114.0
595,94.70649719238281,94.59629821777344,94.61622619628906,94.62801361083984,94.63607025146484,94.64181518554688,94.64604949951172,94.64929962158203,94.65196990966797,94.65422821044922,94.65626525878906,94.65814971923828,94.65987396240234,94.66153717041016,94.0
596,94.70649719238281,94.59629821777344,94.61622619628906,94.62801361083984,94.63607025146484,94.64181518554688,94.64604949951172,94.64929962158203,94.65196990966797,94.65422821044922,94.65626525878906,94.65814971923828,94.65987396240234,94.66153717041016,74.0
597,94.70649719238281,94.59629821777344,94.61622619628906,94.62801361083984,94.63607025146484,94.64181518554688,94.64604949951172,94.64929962158203,94.65196990966797,94.65422821044922,94.65626525878906,94.65814971923828,94.65987396240234,94.66153717041016,54.0
598,94.70649719238281,94.59629821777344,94.61622619628906,94.62801361083984,94.63607025146484,94.64181518554688,94.64604949951172,94.64929962158203,94.65196990966797,94.65422821044922,94.65626525878906,94.65814971923828,94.65987396240234,94.66153717041016,34.0
599,94.70649719238281,94.59629821777344,94.61622619628906,94.62801361083984,94.63607025146484,94.64181518554688,94.64604949951172,94.64929962158203,94.65196990966797,94.65422821044922,94.65626525878906,94.65814971923828,94.65987396240234,94.66153717041016,14.0
600,93.93958282470703,93.87344360351562,93.90031433105469,93.91719055175781,93.92892456054688,93.93742370605469,93.94380187988281,93.94877624511719,93.95291900634766,93.95649719238281,93.95974731445312,93.9627685546875,93.965576171875,93.96826171875,150.0
601,93.93958282470703,93.87344360351562,93.90031433105469,93.91719055175781,93.92892456054688,93.93742370605469,93.94380187988281,93.94877624511719,93.95291900634766,93.95649719238281,93.95974731445312,93.9627685546875,93.965576171875,93.96826171875,150.0
602,93.93958282470703,93.87344360351562,93.90031433105469,93.91719055175781,93.92892456054688,93.93742370605469,93.94380187988281,93.94877624511719,93.95291900634766,93.95649719238281,93.95974731445312,93.9627685546875,93.965576171875,93.96826171875,150.0
603,93.93958282470703,93.87344360351562,93.90031433105469,93.91719055175781,93.92892456054688,93.93742370605469,93.94380187988281,93.94877624511719,93.95291900634766,93.95649719238281,93.95974731445312,93.9627685546875,93.965576171875,93.96826171875,150.0
604,93.93958282470703,93.87344360351562,93.90031433105469,93.91719055175781,93.92892456054688,93.93742370605469,93.94380187988281,93.94877624511719,93.95291900634766,93.95649719238281,93.95974731445312,93.9627685546875,93.965576171875,93.96826171875,131.0
605,93.93958282470703,93.87344360351562,93.90031433105469,93.91719055175781,93.92892456054688,93.93742370605469,93.94380187988281,93.94877624511719,93.95291900634766,93.95649719238281,93.95974731445312,93.9627685546875,93.965576171875,93.96826171875,111.0
606,93.93958282470703,93.87344360351562,93.90031433105469,93.91719055175781,93.92892456054688,93.93742370605469,93.94380187988281,93.94877624511719,93.95291900634766,93.95649719238281,93.95974731445312,93.9627685546875,93.965576171875,93.96826171875,91.0
607,93.93958282470703,93.87344360351562,93.90031433105469,93.91719055175781,93.92892456054688,93.93742370605469,93.94380187988281,93.94877624511719,93.95291900634766,93.95649719238281,93.95974731445312,93.9627685546875,93.965576171875,93.96826171875,71.0
608,93.93958282470703,93.87344360351562,93.90031433105469,93.91719055175781,93.92892456054688,93.93742370605469,93.94380187988281,93.94877624511719,93.95291900634766,93.95649719238281,93.95974731445312,93.9627685546875,93.965576171875,93.96826171875,51.0
609,93.93958282470703,93.87344360351562,93.90031433105469,93.91719055175781,93.92892456054688,93.93742370605469,93.94380187988281,93.94877624511719,93.95291900634766,93.95649719238281,93.95974731445312,93.9627685546875,93.965576171875,93.96826171875,31.0
610,93.5300064086914,93.50051879882812,93.53099060058594,93.55071258544922,93.56452178955078,93.5745849609375,93.58219146728516,93.58818817138672,93.59320068359375,93.59754943847656,93.60152435302734,93.60521697998047,93.60868835449219,93.61199188232422,150.0
611,93.5300064086914,93.50051879882812,93.53099060058594,93.55071258544922,93.56452178955078,93.5745849609375,93.58219146728516,93.58818817138672,93.59320068359375,93.59754943847656,93.60152435302734,93.60521697998047,93.60868835449219,93.61199188232422,150.0
612,93.5300064086914,93.50051879882812,93.53099060058594,93.55071258544922,93.56452178955078,93.5745849609375,93.58219146728516,93.58818817138672,93.59320068359375,93.59754943847656,93.60152435302734,93.60521697998047,93.60868835449219,93.61199188232422,139.0
613,93.5300064086914,93.50051879882812,93.53099060058594,93.55071258544922,93.56452178955078,93.5745849609375,93.58219146728516,93.58818817138672,93.59320068359375,93.59754943847656,93.60152435302734,93.60521697998047,93.60868835449219,93.61199188232422,119.0
614,93.5300064086914,93.50051879882812,93.53099060058594,93.55071258544922,93.56452178955078,93.5745849609375,93.58219146728516,93.58818817138672,93.59320068359375,93.59754943847656,93.60152435302734,93.60521697998047,93.60868835449219,93.61199188232422,99.0
615,93.5300064086914,93.50051879882812,93.53099060058594,93.55071258544922,93.56452178955078,93.5745849609375,93.58219146728516,93.58818817138672,93.59320068359375,93.59754943847656,93.60152435302734,93.60521697998047,93.60868835449219,93.61199188232422,79.0
616,93.5300064086914,93.50051879882812,93.53099060058594,93.55071258544922,93.56452178955078,93.5745849609375,93.58219146728516,93.58818817138672,93.59320068359375,93.59754943847656,93.60152435302734,93.60521697998047,93.60868835449219,93.61199188232422,59.0
617,93.5300064086914,93.50051879882812,93.53099060058594,93.55071258544922,93.56452178955078,93.5745849609375,93.58219146728516,93.58818817138672,93.59320068359375,93.59754943847656,93.60152435302734,93.60521697998047,93.60868835449219,93.61199188232422,39.0
618,93.5300064086914,93.50051879882812,93.53099060058594,93.55071258544922,93.56452178955078,93.5745849609375,93.58219146728516,93.58818817138672,93.59320068359375,93.59754943847656,93.60152435302734,93.60521697998047,93.60868835449219,93.61199188232422,19.0
619,93.5300064086914,93.50051879882812,93.53099060058594,93.55071258544922,93.56452178955078,93.5745849609375,93.58219146728516,93.58818817138672,93.59320068359375,93.59754943847656,93.60152435302734,93.60521697998047,93.60868835449219,93.61199188232422,150.0
620,93.28984069824219,93.29206848144531,93.32427978515625,93.3455810546875,93.36054229736328,93.37150573730469,93.37982177734375,93.38642883300781,93.39195251464844,93.39677429199219,93.40118408203125,93.4052963256836,93.40916442871094,93.412841796875,145.0
621,93.28984069824219,93.29206848144531,93.32427978515625,93.3455810546875,93.36054229736328,93.37150573730469,93.37982177734375,93.38642883300781,93.39195251464844,93.39677429199219,93.40118408203125,93.4052963256836,93.40916442871094,93.412841796875,125.0
622,93.28984069824219,93.29206848144531,93.32427978515625,93.3455810546875,93.36054229736328,93.37150573730469,93.37982177734375,93.38642883300781,93.39195251464844,93.39677429199219,93.40118408203125,93.4052963256836,93.40916442871094,93.412841796875,105.0
623,93.28984069824219,93.29206848144531,93.32427978515625,93.3455810546875,93.36054229736328,93.37150573730469,93.37982177734375,93.38642883300781,93.39195251464844,93.39677429199219,93.40118408203125,93.4052963256836,93.40916442871094,93.412841796875,85.0
624,93.28984069824219,93.29206848144531,93.32427978515625,93.3455810546875,93.36054229736328,93.37150573730469,93.37982177734375,93.38642883300781,93.39195251464844,93.39677429199219,93.40118408203125,93.4052963256836,93.40916442871094,93.412841796875,65.0
625,93.28984069824219,93.29206848144531,93.32427978515625,93.3455810546875,93.36054229736328,93.37150573730469,93.37982177734375,93.38642883300781,93.39195251464844,93.39677429199219,93.40118408203125,93.4052963256836,93.40916442871094,93.412841796875,45.0
626,93.28984069824219,93.29206848144531,93.32427978515625,93.3455810546875,93.36054229736328,93.37150573730469,93.37982177734375,93.38642883300781,93.39195251464844,93.39677429199219,93.40118408203125,93.4052963256836,93.40916442871094,93.412841796875,25.0
627,93.28984069824219,93.29206848144531,93.32427978515625,93.3455810546875,93.36054229736328,93.37150573730469,93.37982177734375,93.38642883300781,93.39195251464844,93.39677429199219,93.40118408203125,93.4052963256836,93.40916442871094,93.412841796875,5.0
628,93.28984069824219,93.29206848144531,93.32427978515625,93.3455810546875,93.36054229736328,93.37150573730469,93.37982177734375,93.38642883300781,93.39195251464844,93.39677429199219,93.40118408203125,93.4052963256836,93.40916442871094,93.412841796875,150.0
629,93.28984069824219,93.29206848144531,93.32427978515625,93.3455810546875,93.36054229736328,93.37150573730469,93.37982177734375,93.38642883300781,93.39195251464844,93.39677429199219,93.40118408203125,93.4052963256836,93.40916442871094,93.412841796875,150.0
630,93.01210021972656,93.04345703125,93.07705688476562,93.09966278076172,93.11560821533203,93.12733459472656,93.13626098632812,93.14337921142578,93.14936065673828,93.15460205078125,93.15938568115234,93.16386413574219,93.16807556152344,93.1720962524414,150.0
631,93.01210021972656,93.04345703125,93.07705688476562,93.09966278076172,93.11560821533203,93.12733459472656,93.13626098632812,93.14337921142578,93.14936065673828,93.15460205078125,93.15938568115234,93.16386413574219,93.16807556152344,93.1720962524414,134.0
632,93.01210021972656,93.04345703125,93.07705688476562,93.09966278076172,93.11560821533203,93.12733459472656,93.13626098632812,93.14337921142578,93.14936065673828,93.15460205078125,93.15938568115234,93.16386413574219,93.16807556152344,93.1720962524414,114.0
633,93.01210021972656,93.04345703125,93.07705688476562,93.09966278076172,93.11560821533203,93.12733459472656,93.13626098632812,93.14337921142578,93.14936065673828,93.15460205078125,93.15938568115234,93.16386413574219,93.16807556152344,93.1720962524414,94.0
634,93.01210021972656,93.04345703125,93.07705688476562,93.09966278076172,93.11560821533203,93.12733459472656,93.13626098632812,93.14337921142578,93.14936065673828,93.15460205078125,93.15938568115234,93.16386413574219,93.16807556152344,93.1720962524414,74.0
635,93.01210021972656,93.04345703125,93.07705688476562,93.09966278076172,93.11560821533203,93.12733459472656,93.13626098632812,93.14337921142578,93.14936065673828,93.15460205078125,93.15938568115234,93.16386413574219,93.16807556152344,93.1720962524414,54.0
636,93.01210021972656,93.04345703125,93.07705688476562,93.09966278076172,93.11560821533203,93.12733459472656,93.13626098632812,93.14337921142578,93.14936065673828,93.15460205078125,93.15938568115234,93.16386413574219,93.16807556152344,93.1720962524414,34.0
637,93.01210021972656,93.04345703125,93.07705688476562,93.09966278076172,93.11560821533203,93.12733459472656,93.13626098632812,93.14337921142578,93.14936065673828,93.15460205078125,93.15938568115234,93.16386413574219,93.16807556152344,93.1720962524414,14.0
638,93.01210021972656,93.04345703125,93.07705688476562,93.09966278076172,93.11560821533203,93.12733459472656,93.13626098632812,93.14337921142578,93.14936065673828,93.15460205078125,93.15938568115234,93.16386413574219,93.16807556152344,93.1720962524414,150.0
639,93.01210021972656,93.04345703125,93.07705688476562,93.09966278076172,93.11560821533203,93.12733459472656,93.13626098632812,93.14337921142578,93.14936065673828,93.15460205078125,93.15938568115234,93.16386413574219,93.16807556152344,93.1720962524414,148.0
640,92.8297348022461,92.88587188720703,92.91961669921875,92.94267272949219,92.95897674560547,92.97101593017578,92.9802017211914,92.98755645751953,92.99374389648438,92.99918365478516,93.00416564941406,93.00881958007812,93.01319885253906,93.01738739013672,128.0
641,92.8297348022461,92.88587188720703,92.91961669921875,92.94267272949219,92.95897674560547,92.97101593017578,92.9802017211914,92.98755645751953,92.99374389648438,92.99918365478516,93.00416564941406,93.00881958007812,93.01319885253906,93.01738739013672,108.0
642,92.8297348022461,92.88587188720703,92.91961669921875,92.94267272949219,92.95897674560547,92.97101593017578,92.9802017211914,92.98755645751953,92.99374389648438,92.99918365478516,93.00416564941406,93.00881958007812,93.01319885253906,93.01738739013672,88.0
643,92.8297348022461,92.88587188720703,92.91961669921875,92.94267272949219,92.95897674560547,92.97101593017578,92.9802017211914,92.98755645751953,92.99374389648438,92.99918365478516,93.00416564941406,93.00881958007812,93.01319885253906,93.01738739013672,68.0
644,92.8297348022461,92.88587188720703,92.91961669921875,92.94267272949219,92.95897674560547,92.97101593017578,92.9802017211914,92.98755645751953,92.99374389648438,92.99918365478516,93.00416564941406,93.00881958007812,93.01319885253906,93.01738739013672,48.0
645,92.8297348022461,92.88587188720703,92.91961669921875,92.94267272949219,92.95897674560547,92.97101593017578,92.9802017211914,92.98755645751953,92.99374389648438,92.99918365478516,93.00416564941406,93.00881958007812,93.01319885253906,93.01738739013672,28.0
646,92.8297348022461,92.88587188720703,92.91961669921875,92.94267272949219,92.95897674560547,92.97101593017578,92.9802017211914,92.98755645751953,92.99374389648438,92.99918365478516,93.00416564941406,93.00881958007812,93.01319885253906,93.01738739013672,8.0
647,92.8297348022461,92.88587188720703,92.91961669921875,92.94267272949219,92.95897674560547,92.97101593017578,92.9802017211914,92.98755645751953,92.99374389648438,92.99918365478516,93.00416564941406,93.00881958007812,93.01319885253906,93.01738739013672,150.0
648,92.8297348022461,92.88587188720703,92.91961669921875,92.94267272949219,92.95897674560547,92.97101593017578,92.9802017211914,92.98755645751953,92.99374389648438,92.99918365478516,93.00416564941406,93.00881958007812,93.01319885253906,93.01738739013672,138.0
649,92.8297348022461,92.88587188720703,92.91961669921875,92.94267272949219,92.95897674560547,92.97101593017578,92.9802017211914,92.98755645751953,92.99374389648438,92.99918365478516,93.00416564941406,93.00881958007812,93.01319885253906,93.01738739013672,118.0
650,92.57914733886719,92.65743255615234,92.6912841796875,92.71470642089844,92.73133850097656,92.74363708496094,92.75306701660156,92.76063537597656,92.76702117919922,92.77264404296875,92.77778625488281,92.78263092041016,92.78717041015625,92.79151916503906,98.0
651,92.57914733886719,92.65743255615234,92.6912841796875,92.71470642089844,92.73133850097656,92.74363708496094,92.75306701660156,92.76063537597656,92.76702117919922,92.77264404296875,92.77778625488281,92.78263092041016,92.78717041015625,92.79151916503906,78.0
652,92.57914733886719,92.65743255615234,92.6912841796875,92.71470642089844,92.73133850097656,92.74363708496094,92.75306701660156,92.76063537597656,92.76702117919922,92.77264404296875,92.77778625488281,92.78263092041016,92.78717041015625,92.79151916503906,58.0
653,92.57914733886719,92.65743255615234,92.6912841796875,92.71470642089844,92.73133850097656,92.74363708496094,92.75306701660156,92.76063537597656,92.76702117919922,92.77264404296875,92.77778625488281,92.78263092041016,92.78717041015625,92.79151916503906,38.0
654,92.57914733886719,92.65743255615234,92.6912841796875,92.71470642089844,92.73133850097656,92.74363708496094,92.75306701660156,92.76063537597656,92.76702117919922,92.77264404296875,92.77778625488281,92.78263092041016,92.78717041015625,92.79151916503906,18.0
655,92.57914733886719,92.65743255615234,92.6912841796875,92.71470642089844,92.73133850097656,92.74363708496094,92.75306701660156,92.76063537597656,92.76702117919922,92.77264404296875,92.77778625488281,92.78263092041016,92.78717041015625,92.79151916503906,150.0
656,92.57914733886719,92.65743255615234,92.6912841796875,92.71470642089844,92.73133850097656,92.74363708496094,92.75306701660156,92.76063537597656,92.76702117919922,92.77264404296875,92.77778625488281,92.78263092041016,92.78717041015625,92.79151916503906,150.0
657,92.57914733886719,92.65743255615234,92.6912841796875,92.71470642089844,92.73133850097656,92.74363708496094,92.75306701660156,92.76063537597656,92.76702117919922,92.77264404296875,92.77778625488281,92.78263092041016,92.78717041015625,92.79151916503906,150.0
658,92.57914733886719,92.65743255615234,92.6912841796875,92.71470642089844,92.73133850097656,92.74363708496094,92.75306701660156,92.76063537597656,92.76702117919922,92.77264404296875,92.77778625488281,92.78263092041016,92.78717041015625,92.79151916503906,133.0
659,92.57914733886719,92.65743255615234,92.6912841796875,92.71470642089844,92.73133850097656,92.74363708496094,92.75306701660156,92.76063537597656,92.76702117919922,92.77264404296875,92.77778625488281,92.78263092041016,92.78717041015625,92.79151916503906,113.0
660,92.4662094116211,92.56171417236328,92.59428405761719,92.61711883544922,92.63337707519531,92.64543151855469,92.65469360351562,92.66213989257812,92.66844940185547,92.67401123046875,92.67911529541016,92.68389892578125,92.68841552734375,92.69271850585938,93.0
661,92.4662094116211,92.56171417236328,92.59428405761719,92.61711883544922,92.63337707519531,92.64543151855469,92.65469360351562,92.66213989257812,92.66844940185547,92.67401123046875,92.67911529541016,92.68389892578125,92.68841552734375,92.69271850585938,73.0
662,92.4662094116211,92.56171417236328,92.59428405761719,92.61711883544922,92.63337707519531,92.64543151855469,92.65469360351562,92.66213989257812,92.66844940185547,92.67401123046875,92.67911529541016,92.68389892578125,92.68841552734375,92.69271850585938,53.0
663,92.4662094116211,92.56171417236328,92.59428405761719,92.61711883544922,92.63337707519531,92.64543151855469,92.65469360351562,92.66213989257812,92.66844940185547,92.67401123046875,92.67911529541016,92.68389892578125,92.68841552734375,92.69271850585938,33.0
664,92.4662094116211,92.56171417236328,92.59428405761719,92.61711883544922,92.63337707519531,92.64543151855469,92.65469360351562,92.66213989257812,92.66844940185547,92.67401123046875,92.67911529541016,92.68389892578125,92.68841552734375,92.69271850585938,13.0
665,92.4662094116211,92.56171417236328,92.59428405761719,92.61711883544922,92.63337707519531,92.64543151855469,92.65469360351562,92.66213989257812,92.66844940185547,92.67401123046875,92.67911529541016,92.68389892578125,92.68841552734375,92.69271850585938,150.0
666,92.4662094116211,92.56171417236328,92.59428405761719,92.61711883544922,92.63337707519531,92.64543151855469,92.65469360351562,92.66213989257812,92.66844940185547,92.67401123046875,92.67911529541016,92.68389892578125,92.68841552734375,92.69271850585938,150.0
667,92.4662094116211,92.56171417236328,92.59428405761719,92.61711883544922,92.63337707519531,92.64543151855469,92.65469360351562,92.66213989257812,92.66844940185547,92.67401123046875,92.67911529541016,92.68389892578125,92.68841552734375,92.69271850585938,150.0
668,92.4662094116211,92.56171417236328,92.59428405761719,92.61711883544922,92.63337707519531,92.64543151855469,92.65469360351562,92.66213989257812,92.66844940185547,92.67401123046875,92.67911529541016,92.68389892578125,92.68841552734375,92.69271850585938,137.0
669,92.4662094116211,92.56171417236328,92.59428405761719,92.61711883544922,92.63337707519531,92.64543151855469,92.65469360351562,92.66213989257812,92.66844940185547,92.67401123046875,92.67911529541016,92.68389892578125,92.68841552734375,92.69271850585938,117.0
670,92.447265625,92.5556411743164,92.58592987060547,92.60745239257812,92.62281036376953,92.63424682617188,92.64303588867188,92.6501235961914,92.65613555908203,92.66145324707031,92.66632080078125,92.67090606689453,92.67523193359375,92.67935180664062,97.0
671,92.447265625,92.5556411743164,92.58592987060547,92.60745239257812,92.62281036376953,92.63424682617188,92.64303588867188,92.6501235961914,92.65613555908203,92.66145324707031,92.66632080078125,92.67090606689453,92.67523193359375,92.67935180664062,77.0
672,92.447265625,92.5556411743164,92.58592987060547,92.60745239257812,92.62281036376953,92.63424682617188,92.64303588867188,92.6501235961914,92.65613555908203,92.66145324707031,92.66632080078125,92.67090606689453,92.67523193359375,92.67935180664062,57.0
673,92.447265625,92.5556411743164,92.58592987060547,92.60745239257812,92.62281036376953,92.63424682617188,92.64303588867188,92.6501235961914,92.65613555908203,92.66145324707031,92.66632080078125,92.67090606689453,92.67523193359375,92.67935180664062,37.0
674,92.447265625,92.5556411743164,92.58592987060547,92.60745239257812,92.62281036376953,92.63424682617188,92.64303588867188,92.6501235961914,92.65613555908203,92.66145324707031,92.66632080078125,92.67090606689453,92.67523193359375,92.67935180664062,17.0
675,92.447265625,92.5556411743164,92.58592987060547,92.60745239257812,92.62281036376953,92.63424682617188,92.64303588867188,92.6501235961914,92.65613555908203,92.66145324707031,92.66632080078125,92.67090606689453,92.67523193359375,92.67935180664062,134.0
676,92.447265625,92.5556411743164,92.58592987060547,92.60745239257812,92.62281036376953,92.63424682617188,92.64303588867188,92.6501235961914,92.65613555908203,92.66145324707031,92.66632080078125,92.67090606689453,92.67523193359375,92.67935180664062,114.0
677,92.447265625,92.5556411743164,92.58592987060547,92.60745239257812,92.62281036376953,92.63424682617188,92.64303588867188,92.6501235961914,92.65613555908203,92.66145324707031,92.66632080078125,92.67090606689453,92.67523193359375,92.67935180664062,94.0
678,92.447265625,92.5556411743164,92.58592987060547,92.60745239257812,92.62281036376953,92.63424682617188,92.64303588867188,92.6501235961914,92.65613555908203,92.66145324707031,92.66632080078125,92.67090606689453,92.67523193359375,92.67935180664062,74.0
679,92.447265625,92.5556411743164,92.58592987060547,92.60745239257812,92.62281036376953,92.63424682617188,92.64303588867188,92.6501235961914,92.65613555908203,92.66145324707031,92.66632080078125,92.67090606689453,92.67523193359375,92.67935180664062,54.0
680,92.11458587646484,92.23568725585938,92.26547241210938,92.28684997558594,92.30215454101562,92.31358337402344,92.32240295410156,92.32953643798828,92.3355941772461,92.34095764160156,92.34589385986328,92.35053253173828,92.35491943359375,92.35910034179688,34.0
681,92.11458587646484,92.23568725585938,92.26547241210938,92.28684997558594,92.30215454101562,92.31358337402344,92.32240295410156,92.32953643798828,92.3355941772461,92.34095764160156,92.34589385986328,92.35053253173828,92.35491943359375,92.35910034179688,14.0
682,92.11458587646484,92.23568725585938,92.26547241210938,92.28684997558594,92.30215454101562,92.31358337402344,92.32240295410156,92.32953643798828,92.3355941772461,92.34095764160156,92.34589385986328,92.35053253173828,92.35491943359375,92.35910034179688,115.0
683,92.11458587646484,92.23568725585938,92.26547241210938,92.28684997558594,92.30215454101562,92.31358337402344,92.32240295410156,92.32953643798828,92.3355941772461,92.34095764160156,92.34589385986328,92.35053253173828,92.35491943359375,92.35910034179688,95.0
684,92.11458587646484,92.23568725585938,92.26547241210938,92.28684997558594,92.30215454101562,92.31358337402344,92.32240295410156,92.32953643798828,92.3355941772461,92.34095764160156,92.34589385986328,92.35053253173828,92.35491943359375,92.35910034179688,75.0
685,92.11458587646484,92.23568725585938,92.26547241210938,92.28684997558594,92.30215454101562,92.31358337402344,92.32240295410156,92.32953643798828,92.3355941772461,92.34095764160156,92.34589385986328,92.35053253173828,92.35491943359375,92.35910034179688,55.0
686,92.11458587646484,92.23568725585938,92.26547241210938,92.28684997558594,92.30215454101562,92.31358337402344,92.32240295410156,92.32953643798828,92.3355941772461,92.34095764160156,92.34589385986328,92.35053253173828,92.35491943359375,92.35910034179688,35.0
687,92.11458587646484,92.23568725585938,92.26547241210938,92.28684997558594,92.30215454101562,92.31358337402344,92.32240295410156,92.32953643798828,92.3355941772461,92.34095764160156,92.34589385986328,92.35053253173828,92.35491943359375,92.35910034179688,15.0
688,92.11458587646484,92.23568725585938,92.26547241210938,92.28684997558594,92.30215454101562,92.31358337402344,92.32240295410156,92.32953643798828,92.3355941772461,92.34095764160156,92.34589385986328,92.35053253173828,92.35491943359375,92.35910034179688,135.0
689,92.11458587646484,92.23568725585938,92.26547241210938,92.28684997558594,92.30215454101562,92.31358337402344,92.32240295410156,92.32953643798828,92.3355941772461,92.34095764160156,92.34589385986328,92.35053253173828,92.35491943359375,92.35910034179688,115.0
690,91.38480377197266,91.51913452148438,91.55070495605469,91.5734634399414,91.58982849121094,91.60208129882812,91.61156463623047,91.61927795410156,91.62584686279297,91.63168334960938,91.63704681396484,91.64209747314453,91.64688873291016,91.65145111083984,95.0
691,91.38480377197266,91.51913452148438,91.55070495605469,91.5734634399414,91.58982849121094,91.60208129882812,91.61156463623047,91.61927795410156,91.62584686279297,91.63168334960938,91.63704681396484,91.64209747314453,91.64688873291016,91.65145111083984,75.0
692,91.38480377197266,91.51913452148438,91.55070495605469,91.5734634399414,91.58982849121094,91.60208129882812,91.61156463623047,91.61927795410156,91.62584686279297,91.63168334960938,91.63704681396484,91.64209747314453,91.64688873291016,91.65145111083984,55.0
693,91.38480377197266,91.51913452148438,91.55070495605469,91.5734634399414,91.58982849121094,91.60208129882812,91.61156463623047,91.61927795410156,91.62584686279297,91.63168334960938,91.63704681396484,91.64209747314453,91.64688873291016,91.65145111083984,35.0
694,91.38480377197266,91.51913452148438,91.55070495605469,91.5734634399414,91.58982849121094,91.60208129882812,91.61156463623047,91.61927795410156,91.62584686279297,91.63168334960938,91.63704681396484,91.64209747314453,91.64688873291016,91.65145111083984,15.0
695,91.38480377197266,91.51913452148438,91.55070495605469,91.5734634399414,91.58982849121094,91.60208129882812,91.61156463623047,91.61927795410156,91.62584686279297,91.63168334960938,91.63704681396484,91.64209747314453,91.64688873291016,91.65145111083984,150.0
696,91.38480377197266,91.51913452148438,91.55070495605469,91.5734634399414,91.58982849121094,91.60208129882812,91.61156463623047,91.61927795410156,91.62584686279297,91.63168334960938,91.63704681396484,91.64209747314453,91.64688873291016,91.65145111083984,150.0
697,91.38480377197266,91.51913452148438,91.55070495605469,91.5734634399414,91.58982849121094,91.60208129882812,91.61156463623047,91.61927795410156,91.62584686279297,91.63168334960938,91.63704681396484,91.64209747314453,91.64688873291016,91.65145111083984,150.0
698,91.38480377197266,91.51913452148438,91.55070495605469,91.5734634399414,91.58982849121094,91.60208129882812,91.61156463623047,91.61927795410156,91.62584686279297,91.63168334960938,91.63704681396484,91.64209747314453,91.64688873291016,91.65145111083984,150.0
699,91.38480377197266,91.51913452148438,91.55070495605469,91.5734634399414,91.58982849121094,91.60208129882812,91.61156463623047,91.61927795410156,91.62584686279297,91.63168334960938,91.63704681396484,91.64209747314453,91.64688873291016,91.65145111083984,150.0
700,90.9344482421875,91.07616424560547,91.10743713378906,91.130126953125,91.146484375,91.15878295898438,91.16831970214844,91.17610168457031,91.18275451660156,91.18866729736328,91.19410705566406,91.19923400878906,91.2041015625,91.208740234375,150.0
701,90.9344482421875,91.07616424560547,91.10743713378906,91.130126953125,91.146484375,91.15878295898438,91.16831970214844,91.17610168457031,91.18275451660156,91.18866729736328,91.19410705566406,91.19923400878906,91.2041015625,91.208740234375,143.0
702,90.9344482421875,91.07616424560547,91.10743713378906,91.130126953125,91.146484375,91.15878295898438,91.16831970214844,91.17610168457031,91.18275451660156,91.18866729736328,91.19410705566406,91.19923400878906,91.2041015625,91.208740234375,123.0
703,90.9344482421875,91.07616424560547,91.10743713378906,91.130126953125,91.146484375,91.15878295898438,91.16831970214844,91.17610168457031,91.18275451660156,91.18866729736328,91.19410705566406,91.19923400878906,91.2041015625,91.208740234375,103.0
704,90.9344482421875,91.07616424560547,91.10743713378906,91.130126953125,91.146484375,91.15878295898438,91.16831970214844,91.17610168457031,91.18275451660156,91.18866729736328,91.19410705566406,91.19923400878906,91.2041015625,91.208740234375,83.0
705,90.9344482421875,91.07616424560547,91.10743713378906,91.130126953125,91.146484375,91.15878295898438,91.16831970214844,91.17610168457031,91.18275451660156,91.18866729736328,91.19410705566406,91.19923400878906,91.2041015625,91.208740234375,150.0
706,90.9344482421875,91.07616424560547,91.10743713378906,91.130126953125,91.146484375,91.15878295898438,91.16831970214844,91.17610168457031,91.18275451660156,91.18866729736328,91.19410705566406,91.19923400878906,91.2041015625,91.208740234375,150.0
707,90.9344482421875,91.07616424560547,91.10743713378906,91.130126953125,91.146484375,91.15878295898438,91.16831970214844,91.17610168457031,91.18275451660156,91.18866729736328,91.19410705566406,91.19923400878906,91.2041015625,91.208740234375,150.0
708,90.9344482421875,91.07616424560547,91.10743713378906,91.130126953125,91.146484375,91.15878295898438,91.16831970214844,91.17610168457031,91.18275451660156,91.18866729736328,91.19410705566406,91.19923400878906,91.2041015625,91.208740234375,150.0
709,90.9344482421875,91.07616424560547,91.10743713378906,91.130126953125,91.146484375,91.15878295898438,91.16831970214844,91.17610168457031,91.18275451660156,91.18866729736328,91.19410705566406,91.19923400878906,91.2041015625,91.208740234375,150.0
710,91.33787536621094,91.47661590576172,91.5020751953125,91.52088165283203,91.53446960449219,91.54470825195312,91.55265808105469,91.55914306640625,91.56468963623047,91.56962585449219,91.57417297363281,91.57845306396484,91.58252716064453,91.5864028930664,150.0
711,91.33787536621094,91.47661590576172,91.5020751953125,91.52088165283203,91.53446960449219,91.54470825195312,91.55265808105469,91.55914306640625,91.56468963623047,91.56962585449219,91.57417297363281,91.57845306396484,91.58252716064453,91.5864028930664,150.0
712,91.33787536621094,91.47661590576172,91.5020751953125,91.52088165283203,91.53446960449219,91.54470825195312,91.55265808105469,91.55914306640625,91.56468963623047,91.56962585449219,91.57417297363281,91.57845306396484,91.58252716064453,91.5864028930664,150.0
713,91.33787536621094,91.47661590576172,91.5020751953125,91.52088165283203,91.53446960449219,91.54470825195312,91.55265808105469,91.55914306640625,91.56468963623047,91.56962585449219,91.57417297363281,91.57845306396484,91.58252716064453,91.5864028930664,150.0
714,91.33787536621094,91.47661590576172,91.5020751953125,91.52088165283203,91.53446960449219,91.54470825195312,91.55265808105469,91.55914306640625,91.56468963623047,91.56962585449219,91.57417297363281,91.57845306396484,91.58252716064453,91.5864028930664,136.0
715,91.33787536621094,91.47661590576172,91.5020751953125,91.52088165283203,91.53446960449219,91.54470825195312,91.55265808105469,91.55914306640625,91.56468963623047,91.56962585449219,91.57417297363281,91.57845306396484,91.58252716064453,91.5864028930664,150.0
716,91.33787536621094,91.47661590576172,91.5020751953125,91.52088165283203,91.53446960449219,91.54470825195312,91.55265808105469,91.55914306640625,91.56468963623047,91.56962585449219,91.57417297363281,91.57845306396484,91.58252716064453,91.5864028930664,150.0
717,91.33787536621094,91.47661590576172,91.5020751953125,91.52088165283203,91.53446960449219,91.54470825195312,91.55265808105469,91.55914306640625,91.56468963623047,91.56962585449219,91.57417297363281,91.57845306396484,91.58252716064453,91.5864028930664,142.0
718,91.33787536621094,91.47661590576172,91.5020751953125,91.52088165283203,91.53446960449219,91.54470825195312,91.55265808105469,91.55914306640625,91.56468963623047,91.56962585449219,91.57417297363281,91.57845306396484,91.58252716064453,91.5864028930664,122.0
719,91.33787536621094,91.47661590576172,91.5020751953125,91.52088165283203,91.53446960449219,91.54470825195312,91.55265808105469,91.55914306640625,91.56468963623047,91.56962585449219,91.57417297363281,91.57845306396484,91.58252716064453,91.5864028930664,102.0
720,92.59808349609375,92.72340393066406,92.73731994628906,92.74833679199219,92.75631713867188,92.76235961914062,92.76705932617188,92.7708969116211,92.774169921875,92.77708435058594,92.77976989746094,92.78228759765625,92.78471374511719,92.78700256347656,82.0
721,92.59808349609375,92.72340393066406,92.73731994628906,92.74833679199219,92.75631713867188,92.76235961914062,92.76705932617188,92.7708969116211,92.774169921875,92.77708435058594,92.77976989746094,92.78228759765625,92.78471374511719,92.78700256347656,62.0
722,92.59808349609375,92.72340393066406,92.73731994628906,92.74833679199219,92.75631713867188,92.76235961914062,92.76705932617188,92.7708969116211,92.774169921875,92.77708435058594,92.77976989746094,92.78228759765625,92.78471374511719,92.78700256347656,42.0
723,92.59808349609375,92.72340393066406,92.73731994628906,92.74833679199219,92.75631713867188,92.76235961914062,92.76705932617188,92.7708969116211,92.774169921875,92.77708435058594,92.77976989746094,92.78228759765625,92.78471374511719,92.78700256347656,22.0
724,92.59808349609375,92.72340393066406,92.73731994628906,92.74833679199219,92.75631713867188,92.76235961914062,92.76705932617188,92.7708969116211,92.774169921875,92.77708435058594,92.77976989746094,92.78228759765625,92.78471374511719,92.78700256347656,2.0
725,92.59808349609375,92.72340393066406,92.73731994628906,92.74833679199219,92.75631713867188,92.76235961914062,92.76705932617188,92.7708969116211,92.774169921875,92.77708435058594,92.77976989746094,92.78228759765625,92.78471374511719,92.78700256347656,136.0
726,92.59808349609375,92.72340393066406,92.73731994628906,92.74833679199219,92.75631713867188,92.76235961914062,92.76705932617188,92.7708969116211,92.774169921875,92.77708435058594,92.77976989746094,92.78228759765625,92.78471374511719,92.78700256347656,116.0
727,92.59808349609375,92.72340393066406,92.73731994628906,92.74833679199219,92.75631713867188,92.76235961914062,92.76705932617188,92.7708969116211,92.774169921875,92.77708435058594,92.77976989746094,92.78228759765625,92.78471374511719,92.78700256347656,96.0
728,92.59808349609375,92.72340393066406,92.73731994628906,92.74833679199219,92.75631713867188,92.76235961914062,92.76705932617188,92.7708969116211,92.774169921875,92.77708435058594,92.77976989746094,92.78228759765625,92.78471374511719,92.78700256347656,76.0
729,92.59808349609375,92.72340393066406,92.73731994628906,92.74833679199219,92.75631713867188,92.76235961914062,92.76705932617188,92.7708969116211,92.774169921875,92.77708435058594,92.77976989746094,92.78228759765625,92.78471374511719,92.78700256347656,56.0
730,93.30003356933594,93.41484069824219,93.42088317871094,93.42658233642578,93.43075561523438,93.43394470214844,93.43641662597656,93.4384765625,93.44023132324219,93.44178009033203,93.44320678710938,93.4445571899414,93.44585418701172,93.44709777832031,36.0
731,93.30003356933594,93.41484069824219,93.42088317871094,93.42658233642578,93.43075561523438,93.43394470214844,93.43641662597656,93.4384765625,93.44023132324219,93.44178009033203,93.44320678710938,93.4445571899414,93.44585418701172,93.44709777832031,16.0
732,93.30003356933594,93.41484069824219,93.42088317871094,93.42658233642578,93.43075561523438,93.43394470214844,93.43641662597656,93.4384765625,93.44023132324219,93.44178009033203,93.44320678710938,93.4445571899414,93.44585418701172,93.44709777832031,150.0
733,93.30003356933594,93.41484069824219,93.42088317871094,93.42658233642578,93.43075561523438,93.43394470214844,93.43641662597656,93.4384765625,93.44023132324219,93.44178009033203,93.44320678710938,93.4445571899414,93.44585418701172,93.44709777832031,145.0
734,93.30003356933594,93.41484069824219,93.42088317871094,93.42658233642578,93.43075561523438,93.43394470214844,93.43641662597656,93.4384765625,93.44023132324219,93.44178009033203,93.44320678710938,93.4445571899414,93.44585418701172,93.44709777832031,125.0
735,93.30003356933594,93.41484069824219,93.42088317871094,93.42658233642578,93.43075561523438,93.43394470214844,93.43641662597656,93.4384765625,93.44023132324219,93.44178009033203,93.44320678710938,93.4445571899414,93.44585418701172,93.44709777832031,105.0
736,93.30003356933594,93.41484069824219,93.42088317871094,93.42658233642578,93.43075561523438,93.43394470214844,93.43641662597656,93.4384765625,93.44023132324219,93.44178009033203,93.44320678710938,93.4445571899414,93.44585418701172,93.44709777832031,85.0
737,93.30003356933594,93.41484069824219,93.42088317871094,93.42658233642578,93.43075561523438,93.43394470214844,93.43641662597656,93.4384765625,93.44023132324219,93.44178009033203,93.44320678710938,93.4445571899414,93.44585418701172,93.44709777832031,65.0
738,93.30003356933594,93.41484069824219,93.42088317871094,93.42658233642578,93.43075561523438,93.43394470214844,93.43641662597656,93.4384765625,93.44023132324219,93.44178009033203,93.44320678710938,93.4445571899414,93.44585418701172,93.44709777832031,45.0
739,93.30003356933594,93.41484069824219,93.42088317871094,93.42658233642578,93.43075561523438,93.43394470214844,93.43641662597656,93.4384765625,93.44023132324219,93.44178009033203,93.44320678710938,93.4445571899414,93.44585418701172,93.44709777832031,25.0
740,93.67886352539062,93.78457641601562,93.78518676757812,93.78717803955078,93.7886962890625,93.78990173339844,93.79083251953125,93.7916488647461,93.79232788085938,93.79291534423828,93.79347229003906,93.79400634765625,93.79452514648438,93.7950210571289,5.0
741,93.67886352539062,93.78457641601562,93.78518676757812,93.78717803955078,93.7886962890625,93.78990173339844,93.79083251953125,93.7916488647461,93.79232788085938,93.79291534423828,93.79347229003906,93.79400634765625,93.79452514648438,93.7950210571289,150.0
742,93.67886352539062,93.78457641601562,93.78518676757812,93.78717803955078,93.7886962890625,93.78990173339844,93.79083251953125,93.7916488647461,93.79232788085938,93.79291534423828,93.79347229003906,93.79400634765625,93.79452514648438,93.7950210571289,150.0
743,93.67886352539062,93.78457641601562,93.78518676757812,93.78717803955078,93.7886962890625,93.78990173339844,93.79083251953125,93.7916488647461,93.79232788085938,93.79291534423828,93.79347229003906,93.79400634765625,93.79452514648438,93.7950210571289,140.0
744,93.67886352539062,93.78457641601562,93.78518676757812,93.78717803955078,93.7886962890625,93.78990173339844,93.79083251953125,93.7916488647461,93.79232788085938,93.79291534423828,93.79347229003906,93.79400634765625,93.79452514648438,93.7950210571289,120.0
745,93.67886352539062,93.78457641601562,93.78518676757812,93.78717803955078,93.7886962890625,93.78990173339844,93.79083251953125,93.7916488647461,93.79232788085938,93.79291534423828,93.79347229003906,93.79400634765625,93.79452514648438,93.7950210571289,100.0
746,93.67886352539062,93.78457641601562,93.78518676757812,93.78717803955078,93.7886962890625,93.78990173339844,93.79083251953125,93.7916488647461,93.79232788085938,93.79291534423828,93.79347229003906,93.79400634765625,93.79452514648438,93.7950210571289,80.0
747,93.67886352539062,93.78457641601562,93.78518676757812,93.78717803955078,93.7886962890625,93.78990173339844,93.79083251953125,93.7916488647461,93.79232788085938,93.79291534423828,93.79347229003906,93.79400634765625,93.79452514648438,93.7950210571289,60.0
748,93.67886352539062,93.78457641601562,93.78518676757812,93.78717803955078,93.7886962890625,93.78990173339844,93.79083251953125,93.7916488647461,93.79232788085938,93.79291534423828,93.79347229003906,93.79400634765625,93.79452514648438,93.7950210571289,40.0
749,93.67886352539062,93.78457641601562,93.78518676757812,93.78717803955078,93.7886962890625,93.78990173339844,93.79083251953125,93.7916488647461,93.79232788085938,93.79291534423828,93.79347229003906,93.79400634765625,93.79452514648438,93.7950210571289,20.0
750,93.88520812988281,93.9821548461914,93.97882843017578,93.97809600830078,93.9776611328125,93.97740173339844,93.97721099853516,93.97709655761719,93.97697448730469,93.97688293457031,93.9767837524414,93.97671508789062,93.9766616821289,93.97660827636719,0.0
